0    0    0.00689655172414    0.027397260274    0    0.00757575757576    0    0.0147058823529    ADAIR    KY    
0    0    0    0    0    0    0.00934579439252    0    ALLEN    KY    
0    0    0.192307692308    0.36    0.30303030303    0.315789473684    0.222222222222    0.302325581395    ANDERSON    KY    
0    0    0    0    0    0.04    0    0.04    BALLARD    KY    
0    0.00709219858156    0    0.00653594771242    0    0.0265151515152    0.00346020761246    0.008356545961    BARREN    KY    
0    0    0.0375    0    0.0862068965517    0.031746031746    0.159090909091    0.171428571429    BATH    KY    
0.00516795865633    0    0    0    0.00135317997294    0.00408163265306    0.00751879699248    0.00275482093664    BELL    KY    
0.157190635452    0.214007782101    0.395061728395    0.521640091116    0.488372093023    0.448616600791    0.3961352657    0.230769230769    BOONE    KY    
0    0.0175438596491    0.0625    0.0569105691057    0.0843373493976    0.05    0.0576923076923    0.0833333333333    BOURBON    KY    
0.00992063492063    0.0642054574639    0.126582278481    0.127551020408    0.195071868583    0.116704805492    0.186851211073    0.120930232558    BOYD    KY    
0    0.00970873786408    0    0.174496644295    0.234375    0.244444444444    0.242677824268    0.143292682927    BOYLE    KY    
0.0357142857143    0.0857142857143    0.362068965517    0.454545454545    0.433333333333    0.631578947368    0.340909090909    0    BRACKEN    KY    
0.0246913580247    0    0.00952380952381    0.00884955752212    0    0    0.037037037037    0.0408163265306    BREATHITT    KY    
0    0    0    0    0.0263157894737    0    0.0188679245283    0.0666666666667    BRECKINRIDGE    KY    
0    0.0115273775216    0.10303030303    0.266871165644    0.153354632588    0.176271186441    0.127208480565    0.0989010989011    BULLITT    KY    
0    0    0    0    0.0188679245283    0.0208333333333    0.0114942528736    0    BUTLER    KY    
0    0    0    0    0    0    0    0.0263157894737    CALDWELL    KY    
0    0    0    0    0.013986013986    0    0.0222222222222    0.0114285714286    CALLOWAY    KY    
0.100938967136    0.153694581281    0.324159021407    0.487084870849    0.482625482625    0.431627906977    0.347549909256    0.27972819932    CAMPBELL    KY    
0.0808080808081    0.184    0.324607329843    0.448484848485    0.291891891892    0.2    0.1    0.0598290598291    CARROLL    KY    
0.00282485875706    0    0.0343642611684    0.137931034483    0.227678571429    0.061320754717    0.231578947368    0.20253164557    CARTER    KY    
0    0.0175438596491    0    0    0    0    0.0175438596491    0    CASEY    KY    
0    0.00544959128065    0.00552486187845    0.00571428571429    0.0175879396985    0.00766283524904    0.00512820512821    0.0115384615385    CHRISTIAN    KY    
0    0.0233463035019    0.128630705394    0.260416666667    0.161538461538    0.171568627451    0.133928571429    0.140186915888    CLARK    KY    
0    0    0    0.00877192982456    0.00956937799043    0    0.0037037037037    0.0166666666667    CLAY    KY    
0    0    0    0.0909090909091    0    0.0810810810811    0.109375    0.0227272727273    CUMBERLAND    KY    
0    0    0.0054844606947    0.013468013468    0.0223214285714    0.0179153094463    0.0158982511924    0.0032    DAVIESS    KY    
0.010989010989    0    0    0    0.0212765957447    0.12    0    0.03125    ELLIOTT    KY    
0    0    0    0.4    0.030303030303    0    0.186046511628    0.115702479339    ESTILL    KY    
0.0162684290798    0.0125614418351    0.080985915493    0.242834809797    0.202013845186    0.260686333534    0.264905660377    0.187125748503    FAYETTE    KY    
0    0    0.0857142857143    0.125    0    0.0441176470588    0.152173913043    0.107692307692    FLEMING    KY    
0.00326797385621    0.0130434782609    0.0540540540541    0.0248447204969    0.0147601476015    0.0062893081761    0    0.00269541778976    FLOYD    KY    
0.0348837209302    0.00831024930748    0.008    0.138095238095    0.304487179487    0.186746987952    0.237745098039    0.133995037221    FRANKLIN    KY    
0    0    0    0    0    0    0.013698630137    0.07    FULTON    KY    
0    0    0.0714285714286    0.40350877193    0.324324324324    0.0793650793651    0.176470588235    0.0571428571429    GALLATIN    KY    
0    0    0    0.0416666666667    0.114285714286    0.117647058824    0.216666666667    0.169230769231    GARRARD    KY    
0.0225563909774    0.0336134453782    0.1125    0.196581196581    0.216216216216    0.268817204301    0.206422018349    0.129353233831    GRANT    KY    
0    0    0.0108108108108    0.00442477876106    0.0268456375839    0    0.00326797385621    0.00653594771242    GRAVES    KY    
0    0    0.015037593985    0.01    0.00546448087432    0.0826446280992    0.0327868852459    0.0191082802548    GRAYSON    KY    
0    0    0    0.1    0.030303030303    0    0    0.0212765957447    GREEN    KY    
0.0185185185185    0.008    0.0621118012422    0.112582781457    0.0573770491803    0.125    0.16935483871    0.0430107526882    GREENUP    KY    
0    0    0    0    0    0    0.176470588235    0    HANCOCK    KY    
0    0.00252844500632    0.00552486187845    0.0506822612086    0.0469416785206    0.0484949832776    0.0517799352751    0.043795620438    HARDIN    KY    
0    0    0.00135869565217    0.003003003003    0.00755667506297    0.00235294117647    0.002849002849    0.00726392251816    HARLAN    KY    
0    0.0212765957447    0.0761904761905    0.209150326797    0.47972972973    0.5    0.48125    0.204545454545    HARRISON    KY    
0    0.00961538461538    0    0    0.0108695652174    0.0142857142857    0.0571428571429    0.0298507462687    HART    KY    
0    0.00735294117647    0.0167597765363    0.0277777777778    0.0105263157895    0.0572519083969    0.0702702702703    0.0196078431373    HENDERSON    KY    
0    0    0.0240963855422    0.163636363636    0.205128205128    0.267441860465    0.125    0.049504950495    HENRY    KY    
0    0    0    0    0    0.333333333333    0    0    HICKMAN    KY    
0.00401606425703    0.00557103064067    0    0    0    0.0028901734104    0.00817438692098    0.00699300699301    HOPKINS    KY    
0    0    0    0.0151515151515    0.010989010989    0    0.020618556701    0.020618556701    JACKSON    KY    
0.028381865094    0.0399798420964    0.13796869312    0.217978395062    0.300975177305    0.321428571429    0.261437908497    0.222437971953    JEFFERSON    KY    
0    0    0.0447154471545    0.352941176471    0.272727272727    0.297674418605    0.297435897436    0.24347826087    JESSAMINE    KY    
0    0    0    0    0.00555555555556    0.0093896713615    0    0.0176470588235    JOHNSON    KY    
0.201304753029    0.219202898551    0.278037383178    0.363157894737    0.387143900657    0.370106761566    0.306913996627    0.184558434691    KENTON    KY    
0    0    0    0    0    0    0.00497512437811    0.00884955752212    KNOTT    KY    
0    0.00355871886121    0.00651465798046    0.00338983050847    0    0.00692840646651    0    0.00671140939597    KNOX    KY    
0    0    0.0434782608696    0    0    0    0.0833333333333    0    LARUE    KY    
0    0.00290697674419    0.0140449438202    0.00255754475703    0.00824742268041    0.025641025641    0.0130890052356    0.0254545454545    LAUREL    KY    
0    0    0    0.08    0.14    0.0340909090909    0.0555555555556    0.0281690140845    LAWRENCE    KY    
0    0    0.027027027027    0.0540540540541    0    0    0.0185185185185    0.0487804878049    LEE    KY    
0    0    0    0.00952380952381    0    0    0.019801980198    0.0106382978723    LETCHER    KY    
0    0    0.0576923076923    0.05    0.0232558139535    0.0394736842105    0.347826086957    0.0833333333333    LEWIS    KY    
0    0.013986013986    0.0655737704918    0.0384615384615    0.0735294117647    0.111111111111    0.125    0.0980392156863    LINCOLN    KY    
0    0    0    0    0.0434782608696    0    0    0    LIVINGSTON    KY    
0    0    0    0    0    0.00581395348837    0.0171428571429    0.0104712041885    LOGAN    KY    
0.0357142857143    0    0    0.0161290322581    0    0.0272727272727    0    0.00806451612903    LYON    KY    
0.00430107526882    0.00815217391304    0.0152027027027    0.162692847125    0.213395638629    0.288998357964    0.26582278481    0.259202453988    MADISON    KY    
0.0175438596491    0    0    0    0.025641025641    0.0232558139535    0    0.0363636363636    MAGOFFIN    KY    
0.00751879699248    0.010989010989    0    0.0422535211268    0.120967741935    0.0346820809249    0.0654205607477    0.0415224913495    MARION    KY    
0    0    0    0.0128205128205    0.13698630137    0.0281690140845    0.0344827586207    0.00854700854701    MARSHALL    KY    
0.0444444444444    0.031746031746    0.243902439024    0.0888888888889    0    0.00359712230216    0    0.0679012345679    MARTIN    KY    
0.0629370629371    0.0582010582011    0.187817258883    0.350574712644    0.0825688073394    0.16393442623    0.229508196721    0.0952380952381    MASON    KY    
0    0.00968992248062    0.0470297029703    0.0340425531915    0.0283505154639    0.00247524752475    0.0251141552511    0.0251046025105    MCCRACKEN    KY    
0.0147058823529    0.0144927536232    0.213114754098    0.0183486238532    0    0    0.0289855072464    0    MCCREARY    KY    
0    0    0.014652014652    0.0677966101695    0.0220994475138    0.0695652173913    0.0114942528736    0.0566037735849    MEADE    KY    
0    0    0.0461538461538    0.177777777778    0.25974025974    0.0958904109589    0.182481751825    0.10625    MERCER    KY    
0    0    0    0    0    0    0    0.0238095238095    MONROE    KY    
0    0.037037037037    0.00680272108844    0.121495327103    0.155015197568    0.117886178862    0.243781094527    0.182572614108    MONTGOMERY    KY    
0    0    0    0    0    0.0714285714286    0.05    0.0909090909091    MORGAN    KY    
0    0.0161290322581    0    0.00604229607251    0.0129310344828    0.00456621004566    0.00444444444444    0    MUHLENBERG    KY    
0    0    0.0544554455446    0.0520833333333    0.0846774193548    0.0746268656716    0.0807799442897    0.106837606838    NELSON    KY    
0    0    0    0.0106382978723    0.147058823529    0.0535714285714    0.0701754385965    0.0540540540541    NICHOLAS    KY    
0    0    0    0.037037037037    0.0138888888889    0    0.0103626943005    0    OHIO    KY    
0.0283018867925    0.0873786407767    0.19512195122    0.197674418605    0.176470588235    0.147651006711    0.0775862068966    0.103703703704    OLDHAM    KY    
0.0285714285714    0.0714285714286    0.0327868852459    0.195652173913    0.254901960784    0.28125    0.333333333333    0.227272727273    OWEN    KY    
0.0103092783505    0.159663865546    0.342857142857    0.520833333333    0.484536082474    0.371794871795    0.3    0.254901960784    PENDLETON    KY    
0.0016694490818    0    0.00162866449511    0    0.00276243093923    0    0.00275862068966    0.00449438202247    PERRY    KY    
0    0    0    0.103174603175    0.0151515151515    0.045197740113    0.00573065902579    0.0112994350282    PIKE    KY    
0    0    0    0.0533980582524    0.0248962655602    0.0112359550562    0.059880239521    0.0894308943089    POWELL    KY    
0    0.0110701107011    0.0666666666667    0.025974025974    0.0358565737052    0.102310231023    0.093896713615    0.046875    PULASKI    KY    
0    0    0    0    0.166666666667    0    0    0    ROBERTSON    KY    
0.00505050505051    0.00444444444444    0    0    0.103139013453    0.023569023569    0.041095890411    0.025641025641    ROCKCASTLE    KY    
0    0.00363636363636    0.0546218487395    0.141935483871    0.0924657534247    0.132352941176    0.384615384615    0.102362204724    ROWAN    KY    
0    0    0    0    0.0454545454545    0.030303030303    0    0    RUSSELL    KY    
0.0224719101124    0    0.0833333333333    0.125    0.220657276995    0.160714285714    0.308108108108    0.315789473684    SCOTT    KY    
0    0    0.0348837209302    0.214953271028    0.322580645161    0.254464285714    0.154205607477    0.170212765957    SHELBY    KY    
0    0    0    0    0.0212765957447    0.0169491525424    0    0.0138888888889    SIMPSON    KY    
0    0    0.0425531914894    0.0857142857143    0.310344827586    0.129032258065    0.344827586207    0.0243902439024    SPENCER    KY    
0    0    0.0540540540541    0.123076923077    0.21875    0.0643274853801    0.211538461538    0.0806451612903    TAYLOR    KY    
0    0    0    0    0    0.0204081632653    0    0    TODD    KY    
0    0    0    0.0571428571429    0    0    0    0.047619047619    TRIGG    KY    
0    0    0.0175438596491    0.0833333333333    0.0266666666667    0.117647058824    0.0425531914894    0.0689655172414    TRIMBLE    KY    
0    0    0    0    0    0.0408163265306    0.027027027027    0    UNION    KY    
0.00645161290323    0    0.00212314225053    0.0263852242744    0.0132743362832    0.00683371298405    0.0231092436975    0.00191938579655    WARREN    KY    
0    0    0    0    0    0    0.0714285714286    0.113636363636    WASHINGTON    KY    
0    0.0115606936416    0.02    0.103448275862    0.0444444444444    0.0330578512397    0.0224215246637    0.0240963855422    WAYNE    KY    
0.0350877192982    0    0    0    0.0263157894737    0    0    0.0555555555556    WEBSTER    KY    
0.00518134715026    0.00363636363636    0    0.00677200902935    0.00977198697068    0.0048309178744    0.00884955752212    0.00469483568075    WHITLEY    KY    
0    0    0    0    0.0285714285714    0.00724637681159    0    0    WOLFE    KY    
0    0.025    0.0333333333333    0.114285714286    0.114942528736    0.283950617284    0.122222222222    0.0521739130435    WOODFORD    KY    
