0.0948766603416    0.191082802548    0.264976958525    0.178885630499    0.227383863081    0.266853932584    0.304109589041    0.152985074627    ADAMS    OH    
0.0741379310345    0.105882352941    0.108635097493    0.224    0.195698924731    0.262275449102    0.164325842697    0.127562642369    ALLEN    OH    
0.107049608355    0.0752688172043    0.0862656072645    0.128440366972    0.124705882353    0.175081433225    0.153078202995    0.123232323232    ASHLAND    OH    
0.045534150613    0.0744047619048    0.146567717996    0.170731707317    0.20363062352    0.215644820296    0.204166666667    0.13710554951    ASHTABULA    OH    
0.10843373494    0.121820615797    0.152542372881    0.131386861314    0.196022727273    0.165625    0.127507163324    0.137339055794    ATHENS    OH    
0.190217391304    0.12865497076    0.248    0.125    0.103603603604    0.241525423729    0.0717131474104    0.0364372469636    AUGLAIZE    OH    
0    0.0188235294118    0.070460704607    0.0850077279753    0.121987951807    0.185248713551    0.179372197309    0.141153081511    BELMONT    OH    
0.0657276995305    0.136150234742    0.0902777777778    0.280769230769    0.245614035088    0.24254473161    0.214705882353    0.12131147541    BROWN    OH    
0.122191780822    0.12709572742    0.241110569898    0.236351071182    0.286963131889    0.272937548188    0.19881744272    0.120493358634    BUTLER    OH    
0    0.0408163265306    0.109589041096    0.0384615384615    0.0481927710843    0    0.107142857143    0.0281690140845    CARROLL    OH    
0.172897196262    0.310924369748    0.295918367347    0.26511627907    0.276381909548    0.197095435685    0.232727272727    0.0754716981132    CHAMPAIGN    OH    
0.139784946237    0.0614035087719    0.0378787878788    0.107344632768    0.102112676056    0.195723684211    0.189071038251    0.0727902946274    CLARK    OH    
0.222074468085    0.304494382022    0.322376738306    0.293897882939    0.325626204239    0.277566539924    0.226821192053    0.162011173184    CLERMONT    OH    
0.149450549451    0.180555555556    0.201856148492    0.16620498615    0.205284552846    0.173400673401    0.129151291513    0.0945273631841    CLINTON    OH    
0.099706744868    0.139726027397    0.154195011338    0.19262295082    0.161801501251    0.1904315197    0.180988593156    0.115839243499    COLUMBIANA    OH    
0    0.261904761905    0.302325581395    0.302752293578    0.247524752475    0.105527638191    0.0588235294118    0.231759656652    COSHOCTON    OH    
0.220183486239    0.114942528736    0.150485436893    0.206310679612    0.181229773463    0.220754716981    0.149514563107    0.0757575757576    CRAWFORD    OH    
0.129921259843    0.14304741609    0.105443514409    0.138478379858    0.160778015703    0.180380158833    0.156563054554    0.114218587629    CUYAHOGA    OH    
0.128205128205    0.152709359606    0.146853146853    0.31    0.403703703704    0.419847328244    0.197530864198    0.0711111111111    DARKE    OH    
0.0407470288625    0.0533642691415    0.0255863539446    0.0604395604396    0.177419354839    0.187428571429    0.186930091185    0.0982456140351    DEFIANCE    OH    
0.633032694476    0.450081833061    0.1984    0.243440233236    0.164251207729    0.211350293542    0.210386151798    0.115044247788    DELAWARE    OH    
0.054347826087    0.11320754717    0.12829736211    0.162293488824    0.21971407073    0.25504587156    0.157063930545    0.156378600823    ERIE    OH    
0.219858156028    0.123754152824    0.13589076723    0.153935860058    0.11152976639    0.177450352338    0.150695517774    0.127184466019    FAIRFIELD    OH    
0.0842105263158    0.205128205128    0.3625    0.30985915493    0.384615384615    0.409756097561    0.291187739464    0.206349206349    FAYETTE    OH    
0.111947963026    0.126658186444    0.140100973675    0.133752950433    0.164385038267    0.189134583006    0.175943297895    0.140267587397    FRANKLIN    OH    
0.0769230769231    0.152542372881    0.0899470899471    0.1953125    0.203007518797    0.0627802690583    0.0763888888889    0.142857142857    FULTON    OH    
0.0192307692308    0.0156739811912    0.0772946859903    0.199300699301    0.320855614973    0.332038834951    0.265503875969    0.263473053892    GALLIA    OH    
0.0526315789474    0.109756097561    0.0794701986755    0.254901960784    0.194070080863    0.263492063492    0.221343873518    0.0825242718447    GEAUGA    OH    
0.0912863070539    0.114285714286    0.160756501182    0.192519251925    0.211902614968    0.21098265896    0.115646258503    0.0808656036446    GREENE    OH    
0.0443037974684    0.0215384615385    0.0275689223058    0.0917030567686    0.132890365449    0.205997392438    0.178977272727    0.0724815724816    GUERNSEY    OH    
0.139114658926    0.207437482698    0.314837845595    0.312573443008    0.301933158585    0.289254477301    0.260416666667    0.179849596811    HAMILTON    OH    
0.0558464223386    0.0689655172414    0.102473498233    0.14006514658    0.159624413146    0.204290091931    0.141339001063    0.113892365457    HANCOCK    OH    
0.346625766871    0.239910313901    0.232014388489    0.233062330623    0.390862944162    0.294915254237    0.349462365591    0.272251308901    HARDIN    OH    
0    0    0    0.037037037037    0.25    0.174603174603    0.0816326530612    0.204545454545    HARRISON    OH    
0.06    0.0683760683761    0.0521739130435    0.0161290322581    0.243243243243    0.224489795918    0.148148148148    0    HENRY    OH    
0.174573055028    0.375    0.105646630237    0.160305343511    0.210237659963    0.324210526316    0.277044854881    0.0912698412698    HIGHLAND    OH    
0.19696969697    0.208333333333    0.306666666667    0.170068027211    0.111940298507    0.161290322581    0.109271523179    0.0802675585284    HOCKING    OH    
0.0387596899225    0.010989010989    0.0059880239521    0.030303030303    0.146341463415    0.133333333333    0.0405405405405    0.0428571428571    HOLMES    OH    
0.158333333333    0.312030075188    0.316417910448    0.245360824742    0.265593561368    0.249226006192    0.191176470588    0.228228228228    HURON    OH    
0.0553797468354    0.100806451613    0.136258660508    0.141762452107    0.0648854961832    0.0931174089069    0.148197596796    0.115523465704    JACKSON    OH    
0.0492424242424    0.0833333333333    0.220149253731    0.254491017964    0.347517730496    0.275482093664    0.380597014925    0.271186440678    JEFFERSON    OH    
0.0322580645161    0.114754098361    0.248175182482    0.209401709402    0.324324324324    0.234848484848    0.172839506173    0.106463878327    KNOX    OH    
0.0707997065297    0.129993451212    0.145190023753    0.228837471783    0.21106557377    0.215108058978    0.161053171482    0.0944305901912    LAKE    OH    
0.025641025641    0.0106382978723    0.00671140939597    0.118367346939    0.0807453416149    0.285714285714    0.2    0.10623556582    LAWRENCE    OH    
0.106772422209    0.266960838389    0.176582278481    0.139700641483    0.0757162346521    0.0986997635934    0.0959097320169    0.0972461273666    LICKING    OH    
0.139194139194    0.133802816901    0.405063291139    0.453416149068    0.431693989071    0.272321428571    0.255813953488    0.0876132930514    LOGAN    OH    
0.0603448275862    0.0846774193548    0.0352564102564    0.0851648351648    0.0663507109005    0.217848970252    0.175432006011    0.155643738977    LORAIN    OH    
0.166917293233    0.152097018696    0.18970917226    0.229280397022    0.226626776365    0.251578436134    0.212345679012    0.210884353741    LUCAS    OH    
0.0917225950783    0.167865707434    0.125968992248    0.188118811881    0.219298245614    0.207505518764    0.247863247863    0.083109919571    MADISON    OH    
0.155045474231    0.17438055166    0.172307692308    0.193227091633    0.216631130064    0.248599741491    0.210770659239    0.139642620781    MAHONING    OH    
0.198697068404    0.183183183183    0.281355932203    0.286173633441    0.317037037037    0.395862068966    0.279946164199    0.169144981413    MARION    OH    
0.123655913978    0.120967741935    0.124223602484    0.167709637046    0.176811594203    0.153246753247    0.144134078212    0.11084043849    MEDINA    OH    
0.0294117647059    0.103174603175    0.120418848168    0.216049382716    0.1875    0.155555555556    0.243902439024    0.15    MEIGS    OH    
0.304347826087    0.427272727273    0.475177304965    0.654088050314    0.446666666667    0.424657534247    0.159663865546    0.112068965517    MERCER    OH    
0.122270742358    0.14371257485    0.155419222904    0.21102661597    0.177443609023    0.202586206897    0.0808625336927    0.0576687116564    MIAMI    OH    
0    0.4    0.185185185185    0.15    0.233576642336    0.184782608696    0.129032258065    0.0431654676259    MONROE    OH    
0.162221082329    0.19810968785    0.24609423822    0.260915642221    0.282139352306    0.265701638952    0.171552412456    0.0756185387385    MONTGOMERY    OH    
0.0934579439252    0.146341463415    0.16    0    0    0.0238095238095    0.375    0.0625    MORGAN    OH    
0.0656565656566    0.0601851851852    0.064308681672    0.0833333333333    0.0981432360743    0.11186440678    0.0961538461538    0.10612244898    MORROW    OH    
0.00444444444444    0.0168067226891    0.0347826086957    0.0876623376623    0.139047619048    0.103896103896    0.0753768844221    0.0891410048622    MUSKINGUM    OH    
0    0    0    0.2    0.576923076923    0.333333333333    0.135135135135    0.161290322581    NOBLE    OH    
0.017316017316    0.077868852459    0.030303030303    0.0817610062893    0.161676646707    0.137724550898    0.267379679144    0.170731707317    OTTAWA    OH    
0.214285714286    0.233333333333    0.030303030303    0.041095890411    0.0579710144928    0.0710900473934    0.0909090909091    0.063829787234    PAULDING    OH    
0.312796208531    0.0888030888031    0.0917874396135    0.0740740740741    0.0976744186047    0.14983713355    0.118421052632    0.0887096774194    PERRY    OH    
0.0907127429806    0.0943396226415    0.17900172117    0.278597785978    0.237341772152    0.187358916479    0.2    0.241860465116    PICKAWAY    OH    
0.0239043824701    0.0662251655629    0.133333333333    0.306569343066    0.301470588235    0.285714285714    0.361842105263    0.150442477876    PIKE    OH    
0.0744259699129    0.0397249809015    0.0742506811989    0.0901559454191    0.109957527135    0.108833577355    0.0990099009901    0.066610455312    PORTAGE    OH    
0.132653061224    0.157142857143    0.0875576036866    0.222772277228    0.183333333333    0.160305343511    0.175572519084    0.0820189274448    PREBLE    OH    
0.105263157895    0    0    0    0    0.161290322581    0.162790697674    0    PUTNAM    OH    
0.163695299838    0.193158953722    0.227074235808    0.228333333333    0.263427109974    0.2539503386    0.210153482881    0.189522342065    RICHLAND    OH    
0.0464135021097    0.113989637306    0.123106060606    0.203583061889    0.236272878536    0.212634822804    0.211009174312    0.110197368421    ROSS    OH    
0.0443037974684    0.021897810219    0.0425    0.149253731343    0.127118644068    0.123616236162    0.168567807351    0.108225108225    SANDUSKY    OH    
0.0211180124224    0.0484261501211    0.221846846847    0.321243523316    0.223479490806    0.282016348774    0.261658031088    0.196046128501    SCIOTO    OH    
0.106666666667    0.0787671232877    0.0945273631841    0.193069306931    0.268292682927    0.286384976526    0.238227146814    0.157657657658    SENECA    OH    
0.0992167101828    0.130434782609    0.258899676375    0.447368421053    0.36443148688    0.363171355499    0.211822660099    0.12    SHELBY    OH    
0.0260782347041    0.0495780590717    0.0448833034111    0.0408653846154    0.098832878073    0.104904632153    0.107256863162    0.0546308151942    STARK    OH    
0.0811594202899    0.0838192419825    0.110861423221    0.141017385705    0.174426685198    0.14364640884    0.133467134972    0.0895915678524    SUMMIT    OH    
0.105263157895    0.179841897233    0.196456086287    0.187077385424    0.203714799281    0.210862619808    0.217854763491    0.158210947931    TRUMBULL    OH    
0.0230769230769    0.0608974358974    0.0977777777778    0.104294478528    0.0533049040512    0.0670859538784    0.0879396984925    0.0640176600442    TUSCARAWAS    OH    
0.19298245614    0.235087719298    0.220385674931    0.197530864198    0.0673076923077    0.115044247788    0.165384615385    0.190082644628    UNION    OH    
0.322147651007    0.179347826087    0.265306122449    0.229357798165    0.170212765957    0.261146496815    0.145161290323    0.109589041096    VAN WERT    OH    
0.0961538461538    0.0422535211268    0.117021276596    0.0454545454545    0.03125    0.15    0.032967032967    0.131578947368    VINTON    OH    
0.157957244656    0.176915799432    0.194907813872    0.193386053199    0.179588607595    0.162241887906    0.115845539281    0.0760869565217    WARREN    OH    
0.0928961748634    0.115015974441    0.173374613003    0.243967828418    0.173469387755    0.190582959641    0.170689655172    0.129893238434    WASHINGTON    OH    
0.0957683741648    0.0846905537459    0.0703125    0.157076205288    0.221153846154    0.17397260274    0.128689492326    0.101503759398    WAYNE    OH    
0.25    0    0    0.0888888888889    0.210526315789    0.25    0.282051282051    0    WILLIAMS    OH    
0.0647149460709    0.0816044260028    0.108757062147    0.117875647668    0.157769869514    0.0820895522388    0.158154859967    0.117808219178    WOOD    OH    
0.0952380952381    0.0625    0.111111111111    0.4    0.385321100917    0.22480620155    0.102040816327    0.0585106382979    WYANDOT    OH    
