0.0419161676647    0.0673400673401    0.0446096654275    0.0649350649351    0.104693140794    0.128571428571    0.0884210526316    0.107769423559    ADAMS    PA    
0.304941176471    0.287106446777    0.334187408492    0.381945253349    0.406418264053    0.411053927053    0.376731301939    0.229659270038    ALLEGHENY    PA    
0.279069767442    0.211822660099    0.224137931034    0.385135135135    0.574144486692    0.45564516129    0.439114391144    0.228187919463    ARMSTRONG    PA    
0.1392    0.180869565217    0.136291600634    0.321357285429    0.212624584718    0.271428571429    0.27807486631    0.173076923077    BEAVER    PA    
0.226666666667    0.177215189873    0.131707317073    0.0913705583756    0.105263157895    0.105263157895    0.159722222222    0.0425531914894    BEDFORD    PA    
0.0801491146319    0.102574926129    0.144945188794    0.157555049355    0.146926536732    0.171243941842    0.16690647482    0.118650954896    BERKS    PA    
0.155589123867    0.0823723228995    0.238675958188    0.390663390663    0.403645833333    0.331746031746    0.304609218437    0.25    BLAIR    PA    
0.227586206897    0.105882352941    0.0796460176991    0.0915492957746    0.231441048035    0.247706422018    0.278538812785    0.0593220338983    BRADFORD    PA    
0.100651465798    0.121900519673    0.137131230926    0.185069984448    0.275862068966    0.266995073892    0.170022371365    0.15671641791    BUCKS    PA    
0.158064516129    0.198511166253    0.200573065903    0.388513513514    0.327800829876    0.408970976253    0.35    0.242081447964    BUTLER    PA    
0.11801242236    0.112977099237    0.192307692308    0.342891278375    0.414435389988    0.4972899729    0.478502080444    0.270096463023    CAMBRIA    PA    
0.142857142857    0    0    0    0    0    0    0    CAMERON    PA    
0.0956937799043    0.107843137255    0.12274368231    0.146131805158    0.182278481013    0.23642172524    0.173708920188    0.147727272727    CARBON    PA    
0.022373540856    0.0141509433962    0.116910229645    0.0952380952381    0.0887445887446    0.0990099009901    0.0600375234522    0.0612244897959    CENTRE    PA    
0.0480040424457    0.0575605299223    0.103402268179    0.16643454039    0.185852090032    0.202626641651    0.176857330703    0.18956043956    CHESTER    PA    
0.158371040724    0.135245901639    0.0804597701149    0.175824175824    0.165217391304    0.0948905109489    0.088    0.114285714286    CLARION    PA    
0.133027522936    0.0552763819095    0.0571428571429    0.142156862745    0.0671641791045    0.119230769231    0.11797752809    0.057268722467    CLEARFIELD    PA    
0.0677966101695    0.018018018018    0.0428571428571    0.32    0.302013422819    0.156626506024    0.0709677419355    0.0215053763441    CLINTON    PA    
0.221374045802    0.138964577657    0.147058823529    0.100543478261    0.271276595745    0.150442477876    0.142857142857    0.047138047138    COLUMBIA    PA    
0.013856812933    0.0209973753281    0.0190217391304    0.0392523364486    0.046783625731    0.149220489978    0.0728682170543    0.0502512562814    CRAWFORD    PA    
0.103225806452    0.0654205607477    0.0652920962199    0.215277777778    0.210843373494    0.195    0.116504854369    0.130952380952    CUMBERLAND    PA    
0.103300970874    0.0815433571997    0.129475232957    0.173281703775    0.24264202601    0.247542134831    0.224058769513    0.215280257051    DAUPHIN    PA    
0.0758711954124    0.0981059799957    0.117788461538    0.113695090439    0.14657980456    0.163931533439    0.157904548844    0.142312324368    DELAWARE    PA    
0.0162601626016    0.00970873786408    0    0    0.0992366412214    0.134020618557    0.390243902439    0.453488372093    ELK    PA    
0.0394904458599    0.0635802469136    0.108680792891    0.117145073701    0.152722443559    0.134868421053    0.130497476568    0.0968451944241    ERIE    PA    
0.0779976717113    0.114200595829    0.196448390677    0.209587513935    0.231155778894    0.266829865361    0.190303030303    0.135854341737    FAYETTE    PA    
0.130434782609    0.161290322581    0    0    0.222222222222    0    0.214285714286    0.206896551724    FOREST    PA    
0.0543046357616    0.0368271954674    0.0814159292035    0.112040133779    0.196078431373    0.214145383104    0.235872235872    0.123417721519    FRANKLIN    PA    
0.016393442623    0.0598290598291    0.0882352941176    0.112676056338    0.0416666666667    0.111111111111    0.133333333333    0.0625    FULTON    PA    
0.368715083799    0.285714285714    0.0703125    0.255434782609    0.128834355828    0.121052631579    0.0980392156863    0.0872093023256    GREENE    PA    
0.189655172414    0.153846153846    0.365517241379    0.264    0.225352112676    0.303225806452    0.15037593985    0.114427860697    HUNTINGDON    PA    
0.263245033113    0.117567567568    0.145962732919    0.168888888889    0.251308900524    0.333333333333    0.191275167785    0.122093023256    INDIANA    PA    
0.235    0.222222222222    0.164383561644    0.118181818182    0.106761565836    0.113636363636    0.2    0.113402061856    JEFFERSON    PA    
0.05    0.0714285714286    0.195652173913    0.21875    0.464285714286    0.0576923076923    0.129032258065    0.141176470588    JUNIATA    PA    
0.350845948353    0.373757455268    0.43287037037    0.354430379747    0.390216154721    0.32970027248    0.33219470538    0.281051677244    LACKAWANNA    PA    
0.162210338681    0.192390139335    0.221500295334    0.256666666667    0.224231464738    0.291240045506    0.323461091754    0.232    LANCASTER    PA    
0.0398671096346    0.0212201591512    0.128378378378    0.182495344507    0.188888888889    0.234920634921    0.180327868852    0.125541125541    LAWRENCE    PA    
0.0632716049383    0.0463499420626    0.0850599781897    0.148083623693    0.139727649497    0.241144414169    0.219827586207    0.16644993498    LEBANON    PA    
0.145073375262    0.135816841288    0.17366255144    0.200448765894    0.154867256637    0.168446026097    0.199748743719    0.206349206349    LEHIGH    PA    
0.263812154696    0.215537383178    0.259237187128    0.315641146078    0.396432914471    0.269180754226    0.281196581197    0.156869331542    LUZERNE    PA    
0.147877013177    0.141479099678    0.185497470489    0.375838926174    0.32030075188    0.362428842505    0.353028064993    0.238879736409    LYCOMING    PA    
0.0110294117647    0.0163043478261    0.0042735042735    0.00955414012739    0    0.0860215053763    0.027397260274    0.0355029585799    MCKEAN    PA    
0.0280112044818    0.078239608802    0.112866817156    0.096018735363    0.15306122449    0.183982683983    0.116147308782    0.135501355014    MERCER    PA    
0.0354609929078    0.0306748466258    0.0705882352941    0.117647058824    0.117318435754    0.108974358974    0.0977777777778    0.0845771144279    MIFFLIN    PA    
0.119402985075    0.0808597748209    0.0762970498474    0.200480192077    0.214365881033    0.252972972973    0.275650842266    0.26429675425    MONROE    PA    
0.224932249322    0.0944    0.158291457286    0.166153846154    0.120418848168    0.163742690058    0.254545454545    0.16049382716    MONTGOMERY    PA    
0.0769230769231    0.130952380952    0.0921052631579    0.254237288136    0.0466666666667    0.0833333333333    0.0789473684211    0.0434782608696    MONTOUR    PA    
0.170731707317    0.12567132116    0.195424213537    0.171755725191    0.215542521994    0.182624113475    0.254957507082    0.175257731959    NORTHAMPTON    PA    
0.128048780488    0.149700598802    0.140625    0.182320441989    0.256906077348    0.275510204082    0.217054263566    0.182170542636    NORTHUMBERLAND    PA    
0.06875    0.0751633986928    0.0672782874618    0.102639296188    0.179894179894    0.176829268293    0.235483870968    0.0995024875622    PERRY    PA    
0.116671142542    0.130075271608    0.144744649709    0.161711318414    0.187361482071    0.233085519241    0.239454562612    0.237789334149    PHILADELPHIA    PA    
0.243055555556    0.12972972973    0.174496644295    0.287769784173    0.429906542056    0.253424657534    0.184713375796    0.166666666667    PIKE    PA    
0    0.0176470588235    0.0705882352941    0.0844155844156    0.0838323353293    0.25    0.145454545455    0.0510204081633    POTTER    PA    
0.0668485675307    0.0943168077388    0.117084826762    0.135983263598    0.177514792899    0.253447143795    0.187540558079    0.149710504549    SCHUYLKILL    PA    
0.0227272727273    0.056    0.117647058824    0.185714285714    0.117647058824    0.09375    0.146739130435    0.158653846154    SNYDER    PA    
0.181818181818    0.195744680851    0.111764705882    0.256505576208    0.405660377358    0.309392265193    0.375    0.172897196262    SOMERSET    PA    
0    0.047619047619    0.0869565217391    0    0.2    0    0    0    SULLIVAN    PA    
0.27027027027    0.0948275862069    0.143497757848    0.0773480662983    0.10632183908    0.104100946372    0.12037037037    0.33734939759    SUSQUEHANNA    PA    
0.12    0.031746031746    0.037037037037    0.165680473373    0.0535714285714    0.0892018779343    0.0892857142857    0.0693069306931    TIOGA    PA    
0    0.119047619048    0.0909090909091    0.0923076923077    0.0545454545455    0.120689655172    0.0446428571429    0.0608108108108    UNION    PA    
0.0515463917526    0.0548387096774    0.0925925925926    0.141818181818    0.136    0.212996389892    0.1625    0.0651629072682    VENANGO    PA    
0.0516431924883    0.0496453900709    0.00684931506849    0.137931034483    0.127659574468    0.047619047619    0.0208333333333    0.0526315789474    WARREN    PA    
0.149829738933    0.0893574297189    0.17037037037    0.288205128205    0.382692307692    0.376354679803    0.352941176471    0.192648922687    WASHINGTON    PA    
0.0986842105263    0.212121212121    0.207142857143    0.368421052632    0.372881355932    0.292929292929    0.346153846154    0.186046511628    WAYNE    PA    
0.160026560425    0.16393442623    0.22276621787    0.330736968244    0.351488283724    0.304851556843    0.321562734786    0.18544600939    WESTMORELAND    PA    
0.15    0.145299145299    0.129770992366    0.149122807018    0.297435897436    0.114893617021    0.144144144144    0.175438596491    WYOMING    PA    
0.0929549902153    0.092771436933    0.137381085618    0.173295454545    0.187646598905    0.218308048341    0.192520775623    0.149302093719    YORK    PA    
