0    0.00609756097561    0.0328947368421    0.016393442623    0.22754491018    0.0612244897959    0.114035087719    0.0823529411765    ACCOMACK    VA    
0.0141843971631    0    0.0116279069767    0.0113636363636    0.0631970260223    0.0585585585586    0.125874125874    0.136563876652    ALBEMARLE    VA    
0.0117096018735    0.0569105691057    0.126984126984    0.0531561461794    0    0.115384615385    0.148514851485    0.0446428571429    ALEXANDRIA CITY    VA    
0    0.00943396226415    0    0.0574712643678    0.0636363636364    0.068085106383    0.0677966101695    0.0822510822511    ALLEGHANY    VA    
0.0106382978723    0.0289855072464    0    0.00591715976331    0    0    0    0.111111111111    AMELIA    VA    
0.0170316301703    0    0    0.0125    0.0160427807487    0.0236220472441    0.0284360189573    0.05    AMHERST    VA    
0    0    0.078125    0.0204081632653    0.025    0    0.0606060606061    0.046511627907    APPOMATTOX    VA    
0.0672131147541    0.0653789004458    0.0647208121827    0.0636042402827    0.0849825378347    0.0926130099228    0.107416879795    0.0737628384687    ARLINGTON    VA    
0    0.00925925925926    0.00324675324675    0.0162601626016    0.0352941176471    0.100840336134    0.0319829424307    0.0254777070064    AUGUSTA    VA    
0    0.0819672131148    0    0    0.0952380952381    0    0    0    BATH    VA    
0.0169491525424    0.013468013468    0.0189189189189    0.0325    0.0371352785146    0.0758620689655    0.0460992907801    0.121771217712    BEDFORD    VA    
0    0    0    0    0    0    0    0.5    BEDFORD CITY    VA    
0    0    0    0    0.0588235294118    0.037037037037    0    0    BLAND    VA    
0.114285714286    0.0603015075377    0.0523255813953    0.0558375634518    0.117073170732    0.141975308642    0.177033492823    0.0938628158845    BOTETOURT    VA    
0.030534351145    0.0151515151515    0.031847133758    0.0454545454545    0.0795454545455    0    0.0518518518519    0    BRUNSWICK    VA    
0    0    0    0.00425531914894    0    0    0.0169491525424    0    BUCHANAN    VA    
0.00735294117647    0.0208333333333    0.00884955752212    0.0113636363636    0.0359712230216    0    0.0183486238532    0.0416666666667    BUCKINGHAM    VA    
0    0    0    0.0505050505051    0.166666666667    0    0.833333333333    0    BUENA VISTA CITY    VA    
0    0    0.00280898876404    0.0390243902439    0.105882352941    0.126436781609    0.0474137931034    0.0366666666667    CAMPBELL    VA    
0.036231884058    0.0423076923077    0.052380952381    0.0341463414634    0.107692307692    0.0981595092025    0.194117647059    0.147058823529    CAROLINE    VA    
0.0120481927711    0    0.00354609929078    0    0.0120967741935    0.0036496350365    0.00828729281768    0.0111940298507    CARROLL    VA    
0    0    0.25    0    0    0    0    0    CHARLES CITY    VA    
0    0.030303030303    0    0.0393700787402    0    0.112676056338    0.14    0.116666666667    CHARLOTTE    VA    
0.0113636363636    0    0.25    0.0714285714286    0.0153846153846    0    0.125    0.263157894737    CHARLOTTESVILLE CITY    VA    
0.135073779796    0.5    0    0.153990610329    0.113636363636    0    0.235714285714    0.183486238532    CHESAPEAKE CITY    VA    
0.0518407212622    0.061790668348    0.068914229053    0.114562118126    0.134257254223    0.206648199446    0.239217652959    0.183438155136    CHESTERFIELD    VA    
0.114285714286    0.0212765957447    0.0714285714286    0.191489361702    0.178571428571    0.298245614035    0.152173913043    0.0888888888889    CLARKE    VA    
0.0684210526316    0    0    0.0631970260223    0.111111111111    0    0    0.125    COLONIAL HEIGHTS CITY    VA    
0.173913043478    0    0    0.08    0.030303030303    0    0    0.0769230769231    CRAIG    VA    
0.0365853658537    0.0227272727273    0.0511945392491    0.172340425532    0.209821428571    0.3125    0.315035799523    0.194860813704    CULPEPER    VA    
0.03125    0    0    0.0103092783505    0.046875    0    0.121212121212    0.183673469388    CUMBERLAND    VA    
0.00903614457831    0    0    0.00287356321839    0    0    0.0238095238095    0.0555555555556    DANVILLE CITY    VA    
0    0    0    0.00813008130081    0    0    0    0.0842105263158    DICKENSON    VA    
0    0    0.010989010989    0.00854700854701    0.0291262135922    0.0416666666667    0.0625    0.10447761194    DINWIDDIE    VA    
0.032967032967    0    0    0.0487804878049    0    0    0    0    EMPORIA CITY    VA    
0    0    0.00666666666667    0    0.0196078431373    0.0212765957447    0.0175438596491    0.0172413793103    ESSEX    VA    
0.0305663769853    0.0409600834855    0.0627551020408    0.0753911806543    0.0857232902616    0.107833809071    0.10770381451    0.0729389403659    FAIRFAX    VA    
0.135135135135    0    0    0.0894308943089    0.181818181818    0.117647058824    0.157894736842    0.0606060606061    FAIRFAX CITY    VA    
0.0461538461538    0    0    0    0    0    0    0.25    FALLS CHURCH CITY    VA    
0.0789473684211    0.108695652174    0.0841121495327    0.174342105263    0.165841584158    0.371273712737    0.371621621622    0.191126279863    FAUQUIER    VA    
0    0    0    0.00588235294118    0.00671140939597    0    0.0263157894737    0.051724137931    FLOYD    VA    
0.02    0    0    0    0.0377358490566    0.104166666667    0.153846153846    0.112676056338    FLUVANNA    VA    
0.043137254902    0.0471698113208    0.0783699059561    0.0451866404715    0.0593406593407    0.0614973262032    0.0311688311688    0.077399380805    FRANKLIN    VA    
0.046875    0    0    0.217948717949    0.15    1.0    0.4    0    FRANKLIN CITY    VA    
0.172069825436    0.144082332762    0.132924335378    0.156549520767    0.242049469965    0.285714285714    0.225733634312    0.15625    FREDERICK    VA    
0.034188034188    0    0.166666666667    0.177033492823    0.255319148936    0    0.28125    0.285714285714    FREDERICKSBURG CITY    VA    
0    0    0    0.0625    0    0    0    0    GALAX CITY    VA    
0.00414937759336    0    0.0372093023256    0.042328042328    0.00675675675676    0.0454545454545    0.0233918128655    0.030303030303    GILES    VA    
0.0977443609023    0.0217391304348    0.0360824742268    0.0974025974026    0.131578947368    0.178294573643    0.207407407407    0.132352941176    GLOUCESTER    VA    
0.0408163265306    0    0    0.047619047619    0.166666666667    0.105263157895    0.0327868852459    0.1    GOOCHLAND    VA    
0    0    0    0    0    0.0266666666667    0.0229007633588    0    GRAYSON    VA    
0    0    0.00819672131148    0.05    0.0425531914894    0.109090909091    0.207920792079    0.12987012987    GREENE    VA    
0.00892857142857    0.00934579439252    0.0761904761905    0.0851063829787    0.08    0.225352112676    0.117647058824    0.152173913043    GREENSVILLE    VA    
0    0    0    0    0    0.02    0.031847133758    0.149253731343    HALIFAX    VA    
0.0529032258065    0.869565217391    0.361111111111    0.11847133758    0.197368421053    0.25    0.21686746988    0.206896551724    HAMPTON CITY    VA    
0.0764705882353    0.0985221674877    0.122180451128    0.147013782542    0.220757825371    0.205955334988    0.203023758099    0.201503759398    HANOVER    VA    
0.0833333333333    0.4    0.392156862745    0.0166666666667    0.0689655172414    0    0.0344827586207    0    HARRISONBURG CITY    VA    
0.111785095321    0.111972437554    0.135885885886    0.195435092725    0.255876427132    0.329383886256    0.278195488722    0.232204861111    HENRICO    VA    
0    0.00625    0.0307692307692    0.0164835164835    0.0359712230216    0.0311284046693    0.018691588785    0.054347826087    HENRY    VA    
0    0    0    0    0.166666666667    0    0    0    HIGHLAND    VA    
0.0279069767442    0.25    0    0.0077519379845    0.0454545454545    0    0.4    0.0526315789474    HOPEWELL CITY    VA    
0.00591715976331    0.014598540146    0.0787037037037    0.0524193548387    0.0456852791878    0.194117647059    0.2    0.0817610062893    ISLE OF WIGHT    VA    
0.042194092827    0.0186046511628    0.0106761565836    0.0215053763441    0.020725388601    0.103658536585    0.0977443609023    0.0781990521327    JAMES CITY    VA    
0    0    0    0    0    0.0444444444444    0.0645161290323    0.0615384615385    KING AND QUEEN    VA    
0.0390625    0.0428571428571    0.117647058824    0.0671641791045    0.0285714285714    0.141843971631    0.114035087719    0.149779735683    KING GEORGE    VA    
0.0625    0.0645161290323    0.0555555555556    0.0769230769231    0    0.380952380952    0.323529411765    0.056338028169    KING WILLIAM    VA    
0    0    0.0454545454545    0.146341463415    0    0    0    0.05    LANCASTER    VA    
0    0    0    0    0    0    0.00858369098712    0.00593471810089    LEE    VA    
0.0432372505543    0.0732931726908    0.075493612079    0.0574837310195    0.075382803298    0.176470588235    0.139072847682    0.0794392523364    LOUDOUN    VA    
0.0271739130435    0.0413793103448    0.0773195876289    0.0625    0.120418848168    0.194630872483    0.174311926606    0.166666666667    LOUISA    VA    
0.0181818181818    0    0    0    0    0    0.0227272727273    0    LUNENBURG    VA    
0.0378486055777    0    0    0.0575427682737    0.0571428571429    0    0.0967741935484    0.0425531914894    LYNCHBURG CITY    VA    
0    0.0243902439024    0    0.0555555555556    0.0714285714286    0.285714285714    0.422222222222    0.142857142857    MADISON    VA    
0.163742690058    0    0    0.265306122449    0    0.153846153846    0.333333333333    0    MANASSAS CITY    VA    
0    0    0    0    0    0    0.047619047619    0.0322580645161    MARTINSVILLE CITY    VA    
0    0    0    0.171875    0.327272727273    0.324324324324    0.0434782608696    0.0416666666667    MATHEWS    VA    
0.00584795321637    0.00613496932515    0.00269541778976    0.0145631067961    0.0180722891566    0.0888888888889    0.165829145729    0.167487684729    MECKLENBURG    VA    
0    0    0    0    0    0.0769230769231    0.230769230769    0.114285714286    MIDDLESEX    VA    
0.0173661360347    0.00394218134034    0.0227272727273    0.0373831775701    0.0247349823322    0.0102040816327    0.0218253968254    0.0269607843137    MONTGOMERY    VA    
0    0    0    0    0.021978021978    0.0526315789474    0.0248447204969    0.0942184154176    NELSON    VA    
0.0285714285714    0.0744680851064    0.0583333333333    0.0618556701031    0.175257731959    0.154929577465    0.140350877193    0.278481012658    NEW KENT    VA    
0.0728323699422    0.333333333333    0.272727272727    0.0820105820106    0.126126126126    0.714285714286    0.176100628931    0.161616161616    NEWPORT NEWS CITY    VA    
0.124419684308    0.228571428571    0.0652173913043    0.173658536585    0.0352422907489    0.218181818182    0.262195121951    0.219917012448    NORFOLK CITY    VA    
0    0    0    0.0161290322581    0.0617283950617    0.031746031746    0    0.0322580645161    NORTHAMPTON    VA    
0    0    0    0    0.0408163265306    0    0.0866666666667    0    NORTHUMBERLAND    VA    
0    0    0.0555555555556    0.0288461538462    0    0.0267857142857    0.0294117647059    0.0571428571429    NOTTOWAY    VA    
0.00641025641026    0    0.0151515151515    0.120805369128    0.115606936416    0.203389830508    0.221590909091    0.16393442623    ORANGE    VA    
0    0    0    0.0235294117647    0.0508474576271    0.0148148148148    0.00869565217391    0.015873015873    PAGE    VA    
0    0    0    0    0    0.0325203252033    0.0108695652174    0.0380434782609    PATRICK    VA    
0.0274261603376    0    0    0.0670826833073    0.0666666666667    0    0.357142857143    0.125    PETERSBURG CITY    VA    
0.00549450549451    0.00520833333333    0.0258064516129    0.00446428571429    0.00913242009132    0    0.00395256916996    0.0178571428571    PITTSYLVANIA    VA    
0.121212121212    0    0    0.0441176470588    0    0    0    0    POQUOSON CITY    VA    
0.254458977408    0.25    0.285714285714    0.241046831956    0.42962962963    0.25    0.3625    0.304347826087    PORTSMOUTH CITY    VA    
0.010152284264    0.00892857142857    0.012987012987    0.042735042735    0.174603174603    0.15306122449    0.198198198198    0.169934640523    POWHATAN    VA    
0    0.021186440678    0.0236966824645    0    0.017316017316    0.0408163265306    0.101265822785    0.0573770491803    PRINCE EDWARD    VA    
0.0220994475138    0.00555555555556    0.0289855072464    0.0534351145038    0.0728155339806    0.0714285714286    0.0825688073394    0.108843537415    PRINCE GEORGE    VA    
0.0425531914894    0.0434782608696    0.0853943070462    0.123518687329    0.12983706721    0.153076538269    0.123589995096    0.11673151751    PRINCE WILLIAM    VA    
0    0.00506756756757    0    0.0125899280576    0.00211416490486    0.0736196319018    0.00232018561485    0.018691588785    PULASKI    VA    
0.00694444444444    0    0    0.00471698113208    0    0    0    0    RADFORD    VA    
0.0196078431373    0.0142857142857    0.0454545454545    0.0217391304348    0.1    0    0.222222222222    0.185185185185    RAPPAHANNOCK    VA    
0.115464632455    0    0    0.159790640394    0.207070707071    0.0384615384615    0.210526315789    0.154471544715    RICHMOND    VA    
0.11786038078    0.0874233128834    0.10305958132    0.191530944625    0.181818181818    0.200507614213    0.129172714078    0.127877237852    ROANOKE    VA    
0.00537634408602    0    0.00790513833992    0.0304054054054    0.0225563909774    0.0592885375494    0.0228758169935    0.026525198939    ROCKBRIDGE    VA    
0.0653753026634    0.054347826087    0.0335195530726    0.0588235294118    0.0271084337349    0.0483193277311    0.0456140350877    0.0568356374808    ROCKINGHAM    VA    
0    0.010101010101    0    0.00315457413249    0.0115606936416    0    0.00529100529101    0.00383141762452    RUSSELL    VA    
0.0585365853659    0    0    0.104761904762    0    0.333333333333    0.1    0.155555555556    SALEM    VA    
0    0    0    0    0.00826446280992    0    0.0030487804878    0    SCOTT    VA    
0.0433604336043    0.0674418604651    0.0576368876081    0.145320197044    0.148148148148    0.107798165138    0.145199063232    0.124338624339    SHENANDOAH    VA    
0.0129032258065    0.00518134715026    0    0    0    0    0.00147058823529    0.012084592145    SMYTH    VA    
0.0425531914894    0.07    0.0952380952381    0.102189781022    0.120481927711    0.198529411765    0.0769230769231    0.140625    SOUTHAMPTON    VA    
0.0530726256983    0.0350877192982    0.0989119683482    0.157419354839    0.151645207439    0.212676056338    0.248945147679    0.25    SPOTSYLVANIA    VA    
0.0377358490566    0.0359195402299    0.0811485642946    0.120617110799    0.163987138264    0.2    0.228971962617    0.199342825849    STAFFORD    VA    
0    0    0    0.005    0    0    0.181818181818    0.1    STAUNTON CITY    VA    
0.122448979592    0.666666666667    0.5    0.157534246575    0.193548387097    0    0.288888888889    0.192307692308    SUFFOLK CITY    VA    
0.0769230769231    0.0714285714286    0    0    0    0    0    0    SURRY    VA    
0.0338983050847    0.0588235294118    0.0111111111111    0.0689655172414    0.0151515151515    0.0845070422535    0.0666666666667    0.0392156862745    SUSSEX    VA    
0    0    0.0093808630394    0.00737463126844    0.0079006772009    0.0102622576967    0.030701754386    0.0327272727273    TAZEWELL    VA    
0.0546519193234    0    0.0172413793103    0.0732132481116    0.133333333333    0.1875    0.119760479042    0.112903225806    VIRGINIA BEACH CITY    VA    
0.0491803278689    0.049504950495    0.0808678500986    0.332007952286    0.323583180987    0.357308584687    0.323529411765    0.164785553047    WARREN    VA    
0    0.0042194092827    0    0    0.00715990453461    0    0.00213219616205    0.00193423597679    WASHINGTON    VA    
0    0    0.181818181818    0.010989010989    0    0    0    0.0227272727273    WAYNESBORO CITY    VA    
0.018691588785    0.00847457627119    0.00699300699301    0.0416666666667    0.133802816901    0.181818181818    0.14465408805    0.136094674556    WESTMORELAND    VA    
0.0243902439024    0    0    0.0490196078431    0    0    0    0    WILLIAMSBURG CITY    VA    
0.111111111111    0    0.166666666667    0.156387665198    0.144578313253    0.333333333333    0.116279069767    0.112676056338    WINCHESTER CITY    VA    
0    0    0    0.004884004884    0.00280112044818    0.0064308681672    0    0.0018691588785    WISE    VA    
0.00246305418719    0.0121212121212    0.00361010830325    0.00503355704698    0.0227642276423    0.0114566284779    0.020325203252    0.0181818181818    WYTHE    VA    
0.0372093023256    0.068669527897    0.0535714285714    0.0818181818182    0.0204081632653    0.201438848921    0.109243697479    0.210526315789    YORK    VA    
