0.202216066482    0.245327102804    0.283356258597    0.296568627451    0.304    0.359154929577    0.468438538206    0.356097560976    BERKELEY    WV    
0    0    0    0    0.047619047619    0.108695652174    0.05    0.181818181818    BOONE    WV    
0    0    0    0.139534883721    0.0322580645161    0    0.0961538461538    0    BRAXTON    WV    
0    0.625    0.0714285714286    0.666666666667    0    0.666666666667    0    0    BROOKE    WV    
0.0444874274662    0.160447761194    0.19094488189    0.334608030593    0.454285714286    0.319018404908    0.597345132743    0.327044025157    CABELL    WV    
0    0    0.314285714286    0    0    0.166666666667    0    0.263157894737    DODDRIDGE    WV    
0    0.048    0    0.146788990826    0    0    0.0434782608696    0.2    FAYETTE    WV    
0    0.0487804878049    0    0    0    0.236111111111    0.266666666667    0    GILMER    WV    
0.0210526315789    0    0    0.0147058823529    0.0569105691057    0.5    0    0    GRANT    WV    
0    0    0.0384615384615    0.44094488189    0.165137614679    0.126582278481    0.043795620438    0.414634146341    GREENBRIER    WV    
0    0.0508474576271    0.078431372549    0.24    0.333333333333    0.336842105263    0.272727272727    0.121212121212    HAMPSHIRE    WV    
0.519736842105    0.0103092783505    0.240740740741    0.405714285714    0.382978723404    0.166666666667    0.308510638298    0.259615384615    HANCOCK    WV    
0.0394736842105    0.036231884058    0.0463917525773    0.302325581395    0.259259259259    0.5125    0.192307692308    0    HARDY    WV    
0.178571428571    0.101351351351    0.225225225225    0.463525835866    0.401234567901    0.456953642384    0.554393305439    0.218905472637    HARRISON    WV    
0    0.147208121827    0.0989010989011    0.263157894737    0.12    0.463768115942    0.0526315789474    0.117647058824    JACKSON    WV    
0.0902255639098    0.0291262135922    0.161904761905    0.2    0.372881355932    0.310344827586    0.263736263736    0.461538461538    JEFFERSON    WV    
0.05    0.137988826816    0.0953405017921    0.163869693978    0.278053624628    0.237871674491    0.241726618705    0.195546950629    KANAWHA    WV    
0    0.111111111111    0.0212765957447    0.312820512821    0.0722433460076    0.08    0    0    LEWIS    WV    
0    0    0.0404624277457    0.0468319559229    0.06875    0.0986547085202    0.0801282051282    0.164383561644    LOGAN    WV    
0.287356321839    0.16368286445    0.410681399632    0.27850877193    0.324324324324    0.274678111588    0.156097560976    0.0612244897959    MARION    WV    
0.0555555555556    0.120879120879    0.0676691729323    0.455172413793    0.404761904762    0.0740740740741    0.00892857142857    0.0357142857143    MARSHALL    WV    
0.223404255319    0.0222222222222    0.00943396226415    0.0470588235294    0.0263157894737    0.4    0.125    0    MASON    WV    
0    0    0    0.10843373494    0    0    0.0140845070423    0    MCDOWELL    WV    
0    0.015873015873    0.0530973451327    0.0189035916824    0.107936507937    0.0959595959596    0.0420792079208    0.0185185185185    MERCER    WV    
0.278846153846    0.12380952381    0.0656934306569    0.0909090909091    0.0681818181818    0.315789473684    0.5    0.227272727273    MINERAL    WV    
0    0    0.034188034188    0.0185185185185    0.115384615385    0.0333333333333    0    0    MINGO    WV    
0.649851632047    0.0666666666667    0.313043478261    0.123076923077    0.223021582734    0    0    0    MONONGALIA    WV    
0.075    0.375    0.210884353741    0.191489361702    0.432098765432    0.35    0.447368421053    0.642857142857    MORGAN    WV    
0.00502512562814    0.0261437908497    0.0123456790123    0.141509433962    0.0931506849315    0.157142857143    0.12925170068    0.24358974359    NICHOLAS    WV    
0.10843373494    0.211038961039    0.159183673469    0.153623188406    0.150214592275    0.193548387097    0.0795454545455    0.265306122449    OHIO    WV    
0    0.05    0.0769230769231    0    0    0    0    0    PLEASANTS    WV    
0    0    0.1    0    0    0    0    0    POCAHONTAS    WV    
0.192307692308    0.02    0    0.0779220779221    0    0    0    0    PRESTON    WV    
0    0.0672268907563    0.0164835164835    0.112994350282    0.320754716981    0.02    0.08    0    PUTNAM    WV    
0.0283400809717    0.039603960396    0.110223642173    0.267123287671    0.293640054127    0.168564920273    0.102380952381    0.0833333333333    RALEIGH    WV    
0.0277777777778    0    0.0289855072464    0    0    0    0.153846153846    0.0615384615385    RANDOLPH    WV    
0    0    0.0555555555556    0    0.0208333333333    0    0    0    ROANE    WV    
0.203389830508    0.257142857143    0    0.0714285714286    0    0    0    0    SUMMERS    WV    
0    1.0    0    0    0    0    0    0    TAYLOR    WV    
1.0    0    0    0    0    0    0    0    TUCKER    WV    
0.438596491228    0.229166666667    0    0    0.48    0    0    0    TYLER    WV    
0.00395256916996    0.052380952381    0.0104712041885    0.111111111111    0.133333333333    0    0    0    UPSHUR    WV    
0    0    0.04    0.226666666667    0.120689655172    0.32    0.122448979592    0.15873015873    WAYNE    WV    
0.166666666667    0.527777777778    0.210526315789    0    0.184782608696    0.257142857143    0.142857142857    0.25    WETZEL    WV    
0.209059233449    0.010498687664    0.0601336302895    0.30900243309    0.309278350515    0.290697674419    0.28364389234    0.331034482759    WOOD    WV    
