0.0795454545455    0.175925925926    0.165517241379    0.205479452055    0.420560747664    0.113636363636    0.173913043478    0.110294117647    ADAIR    KY    
0.178571428571    0.147826086957    0.494565217391    0.212962962963    0.30612244898    0.222222222222    0.214953271028    0.131578947368    ALLEN    KY    
0.34693877551    0.294117647059    0.0769230769231    0.14    0.0606060606061    0.131578947368    0.0833333333333    0.162790697674    ANDERSON    KY    
0.0416666666667    0.0588235294118    0.0909090909091    0.181818181818    0    0    0.0625    0    BALLARD    KY    
0.161879895561    0.234042553191    0.252559726962    0.199346405229    0.185873605948    0.151515151515    0.124567474048    0.125348189415    BARREN    KY    
0.641975308642    0.752808988764    0.6375    0.463414634146    0.51724137931    0.555555555556    0.25    0.3    BATH    KY    
0.674418604651    0.612745098039    0.63813229572    0.555984555985    0.642760487145    0.443537414966    0.259398496241    0.234159779614    BELL    KY    
0.324414715719    0.31906614786    0.177777777778    0.159453302961    0.136627906977    0.264822134387    0.253623188406    0.315789473684    BOONE    KY    
0.298136645963    0.473684210526    0.5625    0.373983739837    0.240963855422    0.15    0.102564102564    0.15625    BOURBON    KY    
0.599206349206    0.504012841091    0.388185654008    0.275510204082    0.297741273101    0.347826086957    0.23875432526    0.246511627907    BOYD    KY    
0.3    0.368932038835    0.358333333333    0.255033557047    0.166666666667    0.148148148148    0.242677824268    0.228658536585    BOYLE    KY    
0.321428571429    0.6    0.293103448276    0.454545454545    0.366666666667    0.210526315789    0.204545454545    0    BRACKEN    KY    
0.617283950617    0.269230769231    0.647619047619    0.725663716814    0.274193548387    0.337078651685    0.246913580247    0.183673469388    BREATHITT    KY    
0.166666666667    0.0655737704918    0.191489361702    0.0759493670886    0.289473684211    0.0384615384615    0.0566037735849    0.05    BRECKINRIDGE    KY    
0.398734177215    0.403458213256    0.263636363636    0.162576687117    0.14696485623    0.122033898305    0.095406360424    0.118131868132    BULLITT    KY    
0.0490196078431    0.0151515151515    0.166666666667    0.106382978723    0.132075471698    0.229166666667    0.206896551724    0.139534883721    BUTLER    KY    
0.141025641026    0.137931034483    0.351351351351    0.36170212766    0.283582089552    0.164948453608    0.141176470588    0.105263157895    CALDWELL    KY    
0.0412371134021    0.237623762376    0.173076923077    0.144144144144    0.0839160839161    0.189473684211    0.137777777778    0.08    CALLOWAY    KY    
0.169014084507    0.155665024631    0.135575942915    0.0968634686347    0.148648648649    0.158139534884    0.189655172414    0.325028312571    CAMPBELL    KY    
0.230769230769    0    0.153846153846    0    0.0909090909091    0.0833333333333    0    0    CARLISLE    KY    
0.474747474747    0.536    0.314136125654    0.187878787879    0.248648648649    0.230769230769    0.123529411765    0.162393162393    CARROLL    KY    
0.672316384181    0.486928104575    0.601374570447    0.425287356322    0.424107142857    0.330188679245    0.226315789474    0.291139240506    CARTER    KY    
0.385135135135    0.210526315789    0.202898550725    0.25    0.346153846154    0.169230769231    0.166666666667    0.0686274509804    CASEY    KY    
0.113895216401    0.144414168937    0.132596685083    0.128571428571    0.213567839196    0.134099616858    0.110256410256    0.0769230769231    CHRISTIAN    KY    
0.742990654206    0.665369649805    0.215767634855    0.40625    0.438461538462    0.362745098039    0.397321428571    0.275700934579    CLARK    KY    
0.403846153846    0.59706959707    0.407894736842    0.495614035088    0.363636363636    0.31884057971    0.225925925926    0.05    CLAY    KY    
0.306666666667    0.142857142857    0.133333333333    0.323529411765    0.402777777778    0.328358208955    0.283783783784    0.261538461538    CLINTON    KY    
0.352941176471    0.189189189189    0.409090909091    0.3    0.379310344828    0.166666666667    0.272727272727    0    CRITTENDEN    KY    
0.411764705882    0.275862068966    0.05    0.636363636364    0.358974358974    0.189189189189    0.375    0.204545454545    CUMBERLAND    KY    
0.0642978003384    0.0969387755102    0.0712979890311    0.0808080808081    0.0803571428571    0.0732899022801    0.0635930047695    0.0272    DAVIESS    KY    
0.128205128205    0.325581395349    0.259259259259    0.35    0.117647058824    0.181818181818    0.22    0.271186440678    EDMONSON    KY    
0.934065934066    0.849056603774    0.314285714286    0.210526315789    0.702127659574    0.28    0.318181818182    0.15625    ELLIOTT    KY    
0.458823529412    0.354838709677    0.75    0.4    0.606060606061    0.407407407407    0.43023255814    0.297520661157    ESTILL    KY    
0.261820030503    0.235936646641    0.255281690141    0.225117248567    0.159848961611    0.176399759181    0.194716981132    0.280938123752    FAYETTE    KY    
0.556818181818    0.621212121212    0.485714285714    0.541666666667    0.32    0.5    0.282608695652    0.430769230769    FLEMING    KY    
0.575163398693    0.652173913043    0.506756756757    0.490683229814    0.428044280443    0.540880503145    0.578595317726    0.396226415094    FLOYD    KY    
0.216279069767    0.304709141274    0.274666666667    0.292857142857    0.125    0.168674698795    0.174019607843    0.146401985112    FRANKLIN    KY    
0.324324324324    0.135802469136    0.179775280899    0.0769230769231    0.196428571429    0.163265306122    0.0821917808219    0.16    FULTON    KY    
0.2    0.229166666667    0.25    0.175438596491    0.121621621622    0.111111111111    0.0588235294118    0.0571428571429    GALLATIN    KY    
0.350649350649    0.576923076923    0.446428571429    0.416666666667    0.457142857143    0.294117647059    0.15    0.246153846154    GARRARD    KY    
0.270676691729    0.235294117647    0.275    0.145299145299    0.158301158301    0.198924731183    0.243119266055    0.223880597015    GRANT    KY    
0.0645161290323    0.16835016835    0.2    0.16814159292    0.144295302013    0.138983050847    0.111111111111    0.0980392156863    GRAVES    KY    
0.190661478599    0.206060606061    0.233082706767    0.23    0.180327868852    0.165289256198    0.0901639344262    0.0573248407643    GRAYSON    KY    
0.135593220339    0.241379310345    0.314285714286    0.4    0.030303030303    0.027027027027    0.0769230769231    0.170212765957    GREEN    KY    
0.666666666667    0.528    0.621118012422    0.490066225166    0.459016393443    0.348684210526    0.403225806452    0.322580645161    GREENUP    KY    
0    0    0    0    0.027027027027    0    0    0.214285714286    HANCOCK    KY    
0.0919175911252    0.150442477876    0.14226519337    0.0857699805068    0.099573257468    0.0752508361204    0.0566343042071    0.0656934306569    HARDIN    KY    
0.677804295943    0.698156682028    0.641304347826    0.681681681682    0.659949622166    0.442352941176    0.470085470085    0.215496368039    HARLAN    KY    
0.575471698113    0.404255319149    0.457142857143    0.424836601307    0.216216216216    0.213541666667    0.23125    0.488636363636    HARRISON    KY    
0.0263157894737    0.153846153846    0.118644067797    0.0547945205479    0.108695652174    0.0285714285714    0.114285714286    0.044776119403    HART    KY    
0.036036036036    0.0661764705882    0.0167597765363    0.0611111111111    0.0578947368421    0.0458015267176    0.0648648648649    0.0509803921569    HENDERSON    KY    
0.526315789474    0.454545454545    0.132530120482    0.181818181818    0.115384615385    0.151162790698    0.115384615385    0.128712871287    HENRY    KY    
0    0.0714285714286    0.25    0.25    0.111111111111    0.333333333333    0.0769230769231    0    HICKMAN    KY    
0.285140562249    0.206128133705    0.25    0.244845360825    0.165730337079    0.158959537572    0.0735694822888    0.100233100233    HOPKINS    KY    
0.358620689655    0.540404040404    0.444444444444    0.19696969697    0.461538461538    0.174603174603    0.329896907216    0.20618556701    JACKSON    KY    
0.209915223    0.258357130858    0.200218420095    0.146604938272    0.122340425532    0.0938477580813    0.139869281046    0.235814455232    JEFFERSON    KY    
0.645569620253    0.66275659824    0.589430894309    0.416666666667    0.446280991736    0.26511627907    0.410256410256    0.313043478261    JESSAMINE    KY    
0.588477366255    0.629411764706    0.603603603604    0.47311827957    0.405555555556    0.422535211268    0.15037593985    0.2    JOHNSON    KY    
0.263746505126    0.185688405797    0.116043613707    0.1    0.120525931337    0.180604982206    0.204890387858    0.226864093072    KENTON    KY    
0.580985915493    0.56043956044    0.529801324503    0.533898305085    0.298850574713    0.5    0.507462686567    0.380530973451    KNOTT    KY    
0.451345755694    0.416370106762    0.517915309446    0.481355932203    0.459016393443    0.484988452656    0.291291291291    0.298657718121    KNOX    KY    
0.121621621622    0.117647058824    0.0434782608696    0    0.0281690140845    0.0740740740741    0.208333333333    0.06    LARUE    KY    
0.354735152488    0.469476744186    0.491573033708    0.598465473146    0.523711340206    0.362637362637    0.251308900524    0.309090909091    LAUREL    KY    
0.717391304348    0.564102564103    0.611111111111    0.4    0.18    0.238636363636    0.361111111111    0.197183098592    LAWRENCE    KY    
0.584905660377    0.704225352113    0.851351351351    0.608108108108    0.709677419355    0.345454545455    0.222222222222    0.365853658537    LEE    KY    
0.397163120567    0.378947368421    0.337662337662    0.449438202247    0.5    0.357142857143    0.280701754386    0.222222222222    LESLIE    KY    
0.554794520548    0.605809128631    0.473214285714    0.4    0.377192982456    0.387387387387    0.39603960396    0.18085106383    LETCHER    KY    
0.661016949153    0.811320754717    0.519230769231    0.583333333333    0.372093023256    0.644736842105    0.260869565217    0.472222222222    LEWIS    KY    
0.203125    0.286713286713    0.245901639344    0.461538461538    0.308823529412    0.174603174603    0.125    0.078431372549    LINCOLN    KY    
0.192307692308    0.176470588235    0.193548387097    0.218181818182    0.130434782609    0.0857142857143    0.153846153846    0.0588235294118    LIVINGSTON    KY    
0.0810810810811    0.12101910828    0.15    0.09    0.147058823529    0.133720930233    0.182857142857    0.151832460733    LOGAN    KY    
0.232142857143    0.238095238095    0.392857142857    0.306451612903    0.230769230769    0.290909090909    0.167539267016    0.201612903226    LYON    KY    
0.597849462366    0.421195652174    0.535472972973    0.430575035063    0.398753894081    0.339901477833    0.254571026723    0.371165644172    MADISON    KY    
0.736842105263    0.719512195122    0.731707317073    0.727272727273    0.358974358974    0.325581395349    0.153846153846    0.472727272727    MAGOFFIN    KY    
0.218045112782    0.241758241758    0.19696969697    0.197183098592    0.137096774194    0.156069364162    0.158878504673    0.141868512111    MARION    KY    
0.144736842105    0.266666666667    0.17    0.128205128205    0.123287671233    0.0422535211268    0.103448275862    0.239316239316    MARSHALL    KY    
0.666666666667    0.587301587302    0.414634146341    0.688888888889    0.261904761905    0.363309352518    0.391891891892    0.351851851852    MARTIN    KY    
0.496503496503    0.433862433862    0.284263959391    0.16091954023    0.275229357798    0.262295081967    0.262295081967    0.314285714286    MASON    KY    
0.132124352332    0.100775193798    0.15099009901    0.127659574468    0.19587628866    0.126237623762    0.0684931506849    0.0857740585774    MCCRACKEN    KY    
0.441176470588    0.521739130435    0.688524590164    0.660550458716    0.768518518519    0.272727272727    0.304347826087    0.339285714286    MCCREARY    KY    
0.123076923077    0.1    0    0.0144927536232    0.0289855072464    0.0697674418605    0.0425531914894    0.09375    MCLEAN    KY    
0.137254901961    0.333333333333    0.205128205128    0.0720338983051    0.121546961326    0.0521739130435    0.137931034483    0.0566037735849    MEADE    KY    
0.51724137931    0.470588235294    0.529411764706    0.5    0.125    0.5    0    0.222222222222    MENIFEE    KY    
0.267441860465    0.5    0.384615384615    0.244444444444    0.149350649351    0.0821917808219    0.167883211679    0.1375    MERCER    KY    
0.0897435897436    0.0806451612903    0.0681818181818    0.105263157895    0.117647058824    0.0689655172414    0.0357142857143    0    METCALFE    KY    
0.263157894737    0.166666666667    0.0169491525424    0.294117647059    0    0.157894736842    0.0416666666667    0.0714285714286    MONROE    KY    
0.721739130435    0.583333333333    0.697278911565    0.626168224299    0.58358662614    0.516260162602    0.318407960199    0.43153526971    MONTGOMERY    KY    
0.568965517241    0.755813953488    0.684210526316    0.2    0.5    0.285714285714    0.35    0.204545454545    MORGAN    KY    
0.293706293706    0.225806451613    0.224137931034    0.26586102719    0.280172413793    0.264840182648    0.208888888889    0.192052980132    MUHLENBERG    KY    
0.141891891892    0.2    0.282178217822    0.15625    0.185483870968    0.0597014925373    0.0724233983287    0.121794871795    NELSON    KY    
0.455555555556    0.367346938776    0.666666666667    0.723404255319    0.5    0.660714285714    0.631578947368    0.324324324324    NICHOLAS    KY    
0.25748502994    0.0909090909091    0.344    0.271604938272    0.138888888889    0.277777777778    0.20725388601    0.0722222222222    OHIO    KY    
0.452830188679    0.436893203883    0.231707317073    0.313953488372    0.270588235294    0.255033557047    0.215517241379    0.266666666667    OLDHAM    KY    
0.4    0.25    0.229508196721    0.413043478261    0.21568627451    0.125    0.25    0.113636363636    OWEN    KY    
0.322580645161    0.638888888889    0.379310344828    0.307692307692    0.0882352941176    0.444444444444    0.0833333333333    0.2    OWSLEY    KY    
0.360824742268    0.159663865546    0.12380952381    0.173611111111    0.0309278350515    0.0641025641026    0.1    0.156862745098    PENDLETON    KY    
0.550918196995    0.601941747573    0.57328990228    0.439588688946    0.425414364641    0.480952380952    0.416551724138    0.289887640449    PERRY    KY    
0.575301204819    0.641025641026    0.644230769231    0.478835978836    0.38961038961    0.401129943503    0.349570200573    0.228813559322    PIKE    KY    
0.737588652482    0.793103448276    0.648148148148    0.563106796117    0.522821576763    0.438202247191    0.299401197605    0.219512195122    POWELL    KY    
0.531147540984    0.50184501845    0.512280701754    0.445887445887    0.398406374502    0.377887788779    0.354460093897    0.207589285714    PULASKI    KY    
0.315789473684    0.578947368421    0.421052631579    0.166666666667    0    0.352941176471    0.2    0    ROBERTSON    KY    
0.530303030303    0.564444444444    0.375    0.469026548673    0.520179372197    0.468013468013    0.246575342466    0.251282051282    ROCKCASTLE    KY    
0.548104956268    0.534545454545    0.487394957983    0.425806451613    0.469178082192    0.463235294118    0.230769230769    0.220472440945    ROWAN    KY    
0.27868852459    0.148648648649    0.435483870968    0.296875    0.113636363636    0.136363636364    0.15    0.101449275362    RUSSELL    KY    
0.415730337079    0.425    0.42803030303    0.518292682927    0.37558685446    0.125    0.264864864865    0.30701754386    SCOTT    KY    
0.104838709677    0.11811023622    0.0813953488372    0.0747663551402    0.0774193548387    0.0758928571429    0.140186915888    0.186170212766    SHELBY    KY    
0.139784946237    0.226086956522    0.184782608696    0.179012345679    0.18085106383    0.28813559322    0.13475177305    0.0555555555556    SIMPSON    KY    
0.075    0.0967741935484    0.191489361702    0.114285714286    0    0.0645161290323    0.103448275862    0.0243902439024    SPENCER    KY    
0.262376237624    0.481132075472    0.261261261261    0.138461538462    0.197916666667    0.19298245614    0.147435897436    0.150537634409    TAYLOR    KY    
0.0851063829787    0.266666666667    0.037037037037    0.105263157895    0.0625    0.0612244897959    0.0606060606061    0    TODD    KY    
0.176470588235    0    0.190476190476    0.142857142857    0.166666666667    0.14    0.1875    0.142857142857    TRIGG    KY    
0.318181818182    0.333333333333    0.157894736842    0.21875    0.24    0.196078431373    0.063829787234    0.103448275862    TRIMBLE    KY    
0    0.0684931506849    0.0727272727273    0.0754716981132    0.259259259259    0.102040816327    0.189189189189    0    UNION    KY    
0.091935483871    0.131212723658    0.138004246285    0.179419525066    0.0641592920354    0.0888382687927    0.0924369747899    0.0537428023033    WARREN    KY    
0.380952380952    0.285714285714    0.0526315789474    0.2    0.027027027027    0.0425531914894    0.0714285714286    0.0227272727273    WASHINGTON    KY    
0.318777292576    0.317919075145    0.41    0.379310344828    0.477777777778    0.289256198347    0.273542600897    0.274096385542    WAYNE    KY    
0.210526315789    0.21568627451    0.101694915254    0.30612244898    0.315789473684    0.1    0.108695652174    0.0555555555556    WEBSTER    KY    
0.535405872193    0.516363636364    0.665983606557    0.627539503386    0.488599348534    0.309178743961    0.203539823009    0.192488262911    WHITLEY    KY    
0.486486486486    0.530303030303    0.45    0.196078431373    0.114285714286    0.166666666667    0.0444444444444    0.371428571429    WOLFE    KY    
0.582417582418    0.4    0.388888888889    0.228571428571    0.229885057471    0.0987654320988    0.255555555556    0.295652173913    WOODFORD    KY    
