0.407969639469    0.264331210191    0.138248847926    0.149560117302    0.173594132029    0.182584269663    0.2    0.246268656716    ADAMS    OH    
0.16724137931    0.213445378151    0.179665738162    0.170666666667    0.137634408602    0.118562874251    0.172752808989    0.248291571754    ALLEN    OH    
0.116187989556    0.116935483871    0.0874006810443    0.0871559633028    0.0988235294118    0.0806188925081    0.123960066556    0.193939393939    ASHLAND    OH    
0.136602451839    0.127976190476    0.0732838589981    0.0731707317073    0.104972375691    0.07681465821    0.209166666667    0.347116430903    ASHTABULA    OH    
0.293674698795    0.289156626506    0.200564971751    0.156934306569    0.204545454545    0.1734375    0.210601719198    0.171673819742    ATHENS    OH    
0.108695652174    0.12865497076    0.104    0.101851851852    0.0585585585586    0.10593220339    0.171314741036    0.214574898785    AUGLAIZE    OH    
0.164502164502    0.247058823529    0.19783197832    0.114374034003    0.213855421687    0.154373927959    0.215246636771    0.27634194831    BELMONT    OH    
0.338028169014    0.272300469484    0.34375    0.215384615385    0.147368421053    0.238568588469    0.25    0.232786885246    BROWN    OH    
0.148493150685    0.1557598702    0.13443740867    0.103317208017    0.114025085519    0.142636854279    0.19549150037    0.282732447818    BUTLER    OH    
0.210526315789    0.122448979592    0.205479452055    0.153846153846    0.120481927711    0.122448979592    0.107142857143    0.239436619718    CARROLL    OH    
0.196261682243    0.0840336134454    0.112244897959    0.0883720930233    0.150753768844    0.221991701245    0.181818181818    0.47641509434    CHAMPAIGN    OH    
0.0376344086022    0.0438596491228    0.0833333333333    0.0564971751412    0.0704225352113    0.199013157895    0.234972677596    0.418544194107    CLARK    OH    
0.242021276596    0.23595505618    0.180783817952    0.170610211706    0.109826589595    0.191064638783    0.221854304636    0.266061452514    CLERMONT    OH    
0.153846153846    0.144444444444    0.122969837587    0.0831024930748    0.136178861789    0.183501683502    0.230627306273    0.305140961857    CLINTON    OH    
0.0791788856305    0.123287671233    0.106575963719    0.0887978142077    0.105087572977    0.0909943714822    0.193155893536    0.297872340426    COLUMBIANA    OH    
0.12    0.190476190476    0.232558139535    0.128440366972    0.108910891089    0.0854271356784    0.127450980392    0.0515021459227    COSHOCTON    OH    
0.151376146789    0.17816091954    0.114077669903    0.106796116505    0.203883495146    0.190566037736    0.357281553398    0.327272727273    CRAWFORD    OH    
0.12120359955    0.0980287693127    0.0419639346104    0.0446390561333    0.0491315726862    0.0719958338758    0.153128398878    0.219265350382    CUYAHOGA    OH    
0.0641025641026    0.182266009852    0.0699300699301    0.08    0.107407407407    0.0992366412214    0.302469135802    0.417777777778    DARKE    OH    
0.129032258065    0.139211136891    0.10447761194    0.081043956044    0.0806451612903    0.12    0.147416413374    0.175438596491    DEFIANCE    OH    
0.0800450958286    0.10883797054    0.1616    0.0918367346939    0.11884057971    0.114481409002    0.166444740346    0.213864306785    DELAWARE    OH    
0.152173913043    0.187227866473    0.171462829736    0.131195335277    0.084273890143    0.15871559633    0.244672454617    0.276748971193    ERIE    OH    
0.151300236407    0.191029900332    0.165149544863    0.106705539359    0.12283345893    0.158231902627    0.158423493045    0.181553398058    FAIRFIELD    OH    
0.263157894737    0.273504273504    0.2875    0.0633802816901    0.179487179487    0.273170731707    0.318007662835    0.519841269841    FAYETTE    OH    
0.16603902773    0.138469925495    0.136494771006    0.115544565584    0.134202867306    0.12582781457    0.129038982698    0.185153215365    FRANKLIN    OH    
0.123076923077    0.0677966101695    0.126984126984    0.1484375    0.0676691729323    0.121076233184    0.138888888889    0.10989010989    FULTON    OH    
0.557692307692    0.548589341693    0.280193236715    0.223776223776    0.179144385027    0.229126213592    0.195736434109    0.329341317365    GALLIA    OH    
0.175438596491    0.170731707317    0.0728476821192    0.0588235294118    0.118598382749    0.130158730159    0.233201581028    0.296116504854    GEAUGA    OH    
0.0767634854772    0.0988095238095    0.063829787234    0.111111111111    0.111812443643    0.107658959538    0.20559334845    0.427107061503    GREENE    OH    
0.240506329114    0.255384615385    0.220551378446    0.227074235808    0.308970099668    0.19035202086    0.210227272727    0.222358722359    GUERNSEY    OH    
0.124165457184    0.0646857986528    0.0563474600593    0.0516134863961    0.0571756225426    0.144106622241    0.189917127072    0.272945546797    HAMILTON    OH    
0.160558464223    0.225152129817    0.166077738516    0.14983713355    0.145539906103    0.17671092952    0.239107332625    0.29662077597    HANCOCK    OH    
0.236196319018    0.125560538117    0.125899280576    0.287262872629    0.152284263959    0.162711864407    0.161290322581    0.167539267016    HARDIN    OH    
0    0.263157894737    0.228571428571    0.259259259259    0.333333333333    0.142857142857    0.34693877551    0.181818181818    HARRISON    OH    
0.04    0.111111111111    0.0608695652174    0.112903225806    0    0.183673469388    0.185185185185    0.285714285714    HENRY    OH    
0.193548387097    0.128125    0.0928961748634    0.0839694656489    0.153564899452    0.113684210526    0.221635883905    0.325396825397    HIGHLAND    OH    
0.409090909091    0.305555555556    0.16    0.21768707483    0.268656716418    0.193548387097    0.198675496689    0.207357859532    HOCKING    OH    
0.093023255814    0.208791208791    0.191616766467    0.234848484848    0.121951219512    0.15    0.0540540540541    0.128571428571    HOLMES    OH    
0.204166666667    0.195488721805    0.2    0.177319587629    0.215291750503    0.241486068111    0.350840336134    0.411411411411    HURON    OH    
0.311708860759    0.286290322581    0.240184757506    0.277777777778    0.322519083969    0.349527665317    0.313751668892    0.276173285199    JACKSON    OH    
0.117424242424    0.216049382716    0.100746268657    0.0838323353293    0.120567375887    0.0881542699725    0.14552238806    0.0974576271186    JEFFERSON    OH    
0.290322580645    0.295081967213    0.167883211679    0.162393162393    0.175675675676    0.0227272727273    0.0576131687243    0.110266159696    KNOX    OH    
0.0847395451211    0.0661427635887    0.063539192399    0.0629232505643    0.0614754098361    0.0971520904868    0.214224653787    0.259185369909    LAKE    OH    
0.679487179487    0.601063829787    0.456375838926    0.428571428571    0.425465838509    0.380952380952    0.369696969697    0.43648960739    LAWRENCE    OH    
0.119585112874    0.105350248207    0.144936708861    0.0627227369922    0.0948158253752    0.106973995272    0.0923836389281    0.188468158348    LICKING    OH    
0.135531135531    0.242957746479    0.0506329113924    0.0496894409938    0.0983606557377    0.209821428571    0.263565891473    0.347432024169    LOGAN    OH    
0.0991379310345    0.0927419354839    0.0737179487179    0.0631868131868    0.0537124802528    0.114874141876    0.238166791886    0.317019400353    LORAIN    OH    
0.209022556391    0.138959070237    0.148545861298    0.129032258065    0.151832460733    0.148615832929    0.217777777778    0.241496598639    LUCAS    OH    
0.158836689038    0.203836930456    0.18992248062    0.131188118812    0.144736842105    0.119205298013    0.179487179487    0.14745308311    MADISON    OH    
0.116067561715    0.129499766246    0.116923076923    0.114043824701    0.123667377399    0.131408875485    0.220055710306    0.325612177366    MAHONING    OH    
0.250814332248    0.186186186186    0.118644067797    0.159163987138    0.106666666667    0.154482758621    0.279946164199    0.31970260223    MARION    OH    
0.204301075269    0.185483870968    0.114285714286    0.153942428035    0.0946859903382    0.135064935065    0.224581005587    0.306942752741    MEDINA    OH    
0.392156862745    0.5    0.198952879581    0.172839506173    0.15625    0.0888888888889    0.243902439024    0.15    MEIGS    OH    
0.380434782609    0.136363636364    0.063829787234    0.0817610062893    0.16    0.205479452055    0.193277310924    0.336206896552    MERCER    OH    
0.0960698689956    0.0538922155689    0.079754601227    0.0760456273764    0.127819548872    0.114942528736    0.202156334232    0.352147239264    MIAMI    OH    
1.0    0.533333333333    0.185185185185    0.283333333333    0.240875912409    0.184782608696    0.370967741935    0.302158273381    MONROE    OH    
0.0538599640934    0.0584504414874    0.0483689538808    0.0581814328105    0.0928606476938    0.0850580212944    0.182844758754    0.337902195377    MONTGOMERY    OH    
0.317757009346    0.512195121951    0.16    0.046511627907    0.0869565217391    0.285714285714    0.0625    0.229166666667    MORGAN    OH    
0.171717171717    0.24537037037    0.1961414791    0.0760869565217    0.103448275862    0.11186440678    0.111538461538    0.151020408163    MORROW    OH    
0.151111111111    0.0644257703081    0.108695652174    0.149350649351    0.129523809524    0.162337662338    0.122278056951    0.158833063209    MUSKINGUM    OH    
0.4    0.589743589744    0.285714285714    0.15    0.153846153846    0.104166666667    0.243243243243    0.354838709677    NOBLE    OH    
0.0909090909091    0.102459016393    0.113636363636    0.185534591195    0.137724550898    0.119760479042    0.213903743316    0.357723577236    OTTAWA    OH    
0.0714285714286    0.133333333333    0.0606060606061    0.041095890411    0.144927536232    0.0379146919431    0.0505050505051    0.234042553191    PAULDING    OH    
0.161137440758    0.30888030888    0.12077294686    0.132275132275    0.190697674419    0.244299674267    0.298245614035    0.282258064516    PERRY    OH    
0.278617710583    0.341719077568    0.239242685026    0.158671586716    0.147151898734    0.167042889391    0.210526315789    0.223255813953    PICKAWAY    OH    
0.334661354582    0.403973509934    0.0555555555556    0.204379562044    0.154411764706    0.15306122449    0.171052631579    0.371681415929    PIKE    OH    
0.101346001584    0.104660045837    0.0892370572207    0.0497076023392    0.0632373761208    0.0917520741825    0.173267326733    0.204047217538    PORTAGE    OH    
0.204081632653    0.0857142857143    0.152073732719    0.0841584158416    0.075    0.106870229008    0.190839694656    0.255520504732    PREBLE    OH    
0.0263157894737    0.1    0.130434782609    0.181818181818    0    0.161290322581    0.093023255814    0.142857142857    PUTNAM    OH    
0.128038897893    0.146881287726    0.174672489083    0.121666666667    0.112531969309    0.129796839729    0.208972845336    0.261941448382    RICHLAND    OH    
0.435654008439    0.283678756477    0.232954545455    0.205211726384    0.251247920133    0.224961479199    0.278899082569    0.3125    ROSS    OH    
0.0822784810127    0.116788321168    0.205    0.0865671641791    0.131355932203    0.212177121771    0.216730038023    0.246753246753    SANDUSKY    OH    
0.552795031056    0.46004842615    0.287162162162    0.173575129534    0.217821782178    0.177111716621    0.30829015544    0.347611202636    SCIOTO    OH    
0.271111111111    0.215753424658    0.213930348259    0.0742574257426    0.126829268293    0.199530516432    0.265927977839    0.391891891892    SENECA    OH    
0.088772845953    0.0896739130435    0.11003236246    0.0473684210526    0.0495626822157    0.0664961636829    0.334975369458    0.52    SHELBY    OH    
0.0655299231026    0.0689170182841    0.0951526032316    0.0432692307692    0.0660541345915    0.0885558583106    0.134283890189    0.191848058045    STARK    OH    
0.16231884058    0.140670553936    0.0973782771536    0.0978750804894    0.134120917304    0.224861878453    0.253386853989    0.29743083004    SUMMIT    OH    
0.146678170837    0.146245059289    0.12249614792    0.137490608565    0.128220491312    0.168264110756    0.257161892072    0.405874499332    TRUMBULL    OH    
0.123076923077    0.176282051282    0.0711111111111    0.0858895705521    0.0852878464819    0.0943396226415    0.175879396985    0.192052980132    TUSCARAWAS    OH    
0.204678362573    0.126315789474    0.129476584022    0.0925925925926    0.115384615385    0.132743362832    0.161538461538    0.177685950413    UNION    OH    
0.140939597315    0.190217391304    0.163265306122    0.0825688073394    0.110638297872    0.0764331210191    0.209677419355    0.356164383562    VAN WERT    OH    
0.673076923077    0.394366197183    0.425531914894    0.327272727273    0.229166666667    0.31875    0.252747252747    0.157894736842    VINTON    OH    
0.167458432304    0.119205298013    0.103599648815    0.10424155284    0.10917721519    0.117994100295    0.165113182423    0.281772575251    WARREN    OH    
0.234972677596    0.233226837061    0.167182662539    0.16890080429    0.150510204082    0.130044843049    0.148275862069    0.186832740214    WASHINGTON    OH    
0.265033407572    0.154723127036    0.15    0.163297045101    0.136217948718    0.130136986301    0.199527744982    0.238095238095    WAYNE    OH    
0    0.583333333333    0.0666666666667    0.155555555556    0.0526315789474    0.125    0.128205128205    0.037037037037    WILLIAMS    OH    
0.120184899846    0.132780082988    0.124293785311    0.132124352332    0.109134045077    0.123134328358    0.215815485997    0.284931506849    WOOD    OH    
0.428571428571    0.5625    0.111111111111    0.171428571429    0.284403669725    0.201550387597    0.21768707483    0.292553191489    WYANDOT    OH    
