0.000166662698507    0.000190471655437    0.000142853741578    0.000166662698507    0.000142853741578    0.000166662698507    0.000261898526226    0.000238089569296    ADAMS    PA    
0.000928505106778    0.000785658167274    0.000857081637026    0.000785658167274    0.000857081637026    0.000928505106778    0.00157131633455    0.0017855867438    ALLEGHENY    PA    
0.000833234138793    0.000952267587192    0.000595167241995    0.000714200690394    0.000476133793596    0.000952267587192    0.000952267587192    0.00130936793239    ARMSTRONG    PA    
0.00133311114814    0.000999833361106    0.00133311114814    0.000999833361106    0.00116647225462    0.0018330278287    0.00199966672221    0.00266622229628    BEAVER    PA    
0.000642719417268    0.000856959223024    0.000856959223024    0.00149967864029    0.000428479611512    0.00128543883454    0.00128543883454    0.000856959223024    BEDFORD    PA    
0.0013091809288    0.00235652567185    0.00261836185761    0.00209468948609    0.00235652567185    0.00209468948609    0.00392754278641    0.00366570660065    BERKS    PA    
0.00278485230762    0.00278485230762    0.00247542427344    0.00247542427344    0.00247542427344    0.0030942803418    0.00402256444434    0.0046414205127    BLAIR    PA    
0.0017850767583    0.00249910746162    0.00321313816494    0.00214209210996    0.00285612281328    0.0017850767583    0.00249910746162    0.00249910746162    BRADFORD    PA    
0.00485517766618    0.00445057952733    0.00485517766618    0.00202299069424    0.00404598138849    0.00404598138849    0.00283218697194    0.00323678511079    BUCKS    PA    
0.00271305837835    0.00316523477474    0.00271305837835    0.00180870558557    0.00316523477474    0.00316523477474    0.00361741117114    0.00542611675671    BUTLER    PA    
0.0039980009995    0.00449775112444    0.0039980009995    0.00349825087456    0.00499750124938    0.00449775112444    0.00749625187406    0.00449775112444    CAMBRIA    PA    
0.00164195797539    0    0.000547319325131    0.00273659662566    0    0.000547319325131    0    0    CAMERON    PA    
0.0029744199881    0.00356930398572    0.00356930398572    0.00237953599048    0.0029744199881    0.0029744199881    0.00416418798334    0.00356930398572    CARBON    PA    
0.00321222071525    0.00578199728746    0.00321222071525    0.00449710900136    0.0025697765722    0.00578199728746    0.00513955314441    0.00770932971661    CENTRE    PA    
0.00482999833448    0.00551999809655    0.00689999762069    0.00620999785862    0.00620999785862    0.00827999714483    0.0089699969069    0.0124199957172    CHESTER    PA    
0.00368775427661    0.00295020342128    0.00368775427661    0.00295020342128    0.00295020342128    0.00221265256596    0.00368775427661    0.00442530513193    CLARION    PA    
0.00628077938762    0.00235529227036    0.00471058454072    0.00392548711727    0.00471058454072    0.00549568196417    0.00314038969381    0.00549568196417    CLEARFIELD    PA    
0.00416319733555    0.00333055786844    0.00249791840133    0.00333055786844    0.00499583680266    0.00333055786844    0.007493755204    0.00333055786844    CLINTON    PA    
0.00264053096082    0.00264053096082    0.0044008849347    0.0044008849347    0.00704141589552    0.00792159288246    0.00264053096082    0.0044008849347    COLUMBIA    PA    
0.00927709983587    0.00834938985228    0.00649396988511    0.0102048098195    0.00649396988511    0.00834938985228    0.00927709983587    0.00834938985228    CRAWFORD    PA    
0.00390095383078    0.00487619228848    0.00487619228848    0.00487619228848    0.00682666920387    0.00390095383078    0.00195047691539    0.00390095383078    CUMBERLAND    PA    
0.00920486168922    0.00920486168922    0.0112503865091    0.00920486168922    0.00920486168922    0.0112503865091    0.012273148919    0.0173869609685    DAUPHIN    PA    
0.0139136639315    0.0139136639315    0.0117731002497    0.0128433820906    0.0117731002497    0.0139136639315    0.0149839457724    0.0235462004995    DELAWARE    PA    
0.00558898375627    0.00447118700502    0.00335339025376    0.00670678050753    0.00447118700502    0.00447118700502    0.00558898375627    0.00670678050753    ELK    PA    
0.010487764275    0.0116530714167    0.010487764275    0.0116530714167    0.0116530714167    0.010487764275    0.0128183785583    0.02097552855    ERIE    PA    
0.0133409431405    0.0109153171149    0.0121281301277    0.0109153171149    0.0109153171149    0.00970250410216    0.015766569166    0.0206178212171    FAYETTE    PA    
0.00126031436521    0.00252062873041    0    0    0    0.00252062873041    0.00378094309562    0.00126031436521    FOREST    PA    
0.010462489597    0.0117703007966    0.0117703007966    0.0117703007966    0.0117703007966    0.0130781119962    0.0183093567947    0.0130781119962    FRANKLIN    PA    
0.00813182109994    0.00677651758328    0.00135530351666    0.00542121406662    0    0.00271060703331    0.00135530351666    0.00271060703331    FULTON    PA    
0.0070139565848    0.00420837395088    0.0070139565848    0.0070139565848    0.00561116526784    0.00561116526784    0.00841674790176    0.00841674790176    GREENE    PA    
0.00725137300587    0.0058010984047    0.0058010984047    0.00290054920235    0.0058010984047    0.0058010984047    0.0058010984047    0.0159530206129    HUNTINGDON    PA    
0.00748876684973    0.0119820269596    0.00748876684973    0.00299550673989    0.00449326010984    0.00599101347978    0.00898652021967    0.0164752870694    INDIANA    PA    
0.0108165933674    0.0108165933674    0.0108165933674    0.00772613811958    0.00618091049566    0.00463568287175    0.00618091049566    0.0123618209913    JEFFERSON    PA    
0.00318539472746    0.00318539472746    0.00796348681865    0.00637078945492    0.00477809209119    0.00318539472746    0.00318539472746    0.00955618418238    JUNIATA    PA    
0.0114811381302    0.0131213007202    0.00656065036012    0.00984097554018    0.0114811381302    0.0147614633103    0.0180417884903    0.0180417884903    LACKAWANNA    PA    
0.0151886097312    0.0151886097312    0.0151886097312    0.0135009864277    0.0168762330346    0.0202514796416    0.0202514796416    0.0337524660693    LANCASTER    PA    
0.00867539752335    0.015615715542    0.0121455565327    0.0138806360374    0.0121455565327    0.0138806360374    0.010410477028    0.0173507950467    LAWRENCE    PA    
0.0106951871658    0.0106951871658    0.0142602495544    0.0160427807487    0.017825311943    0.017825311943    0.0196078431373    0.0338680926916    LEBANON    PA    
0.0146398269839    0.0164698053568    0.0146398269839    0.0164698053568    0.0109798702379    0.0109798702379    0.0182997837298    0.0164698053568    LEHIGH    PA    
0.015019368331    0.0206516314551    0.015019368331    0.0131419472896    0.0187742104137    0.0206516314551    0.0319161577034    0.0356709997861    LUZERNE    PA    
0.0134740144008    0.0153988736009    0.00962429600057    0.017323732801    0.017323732801    0.0115491552007    0.0211734512013    0.0230983104014    LYCOMING    PA    
0.0138060499489    0.0138060499489    0.0118337570991    0.0138060499489    0.0138060499489    0.0138060499489    0.0216952213483    0.00986146424922    MCKEAN    PA    
0.0161577759297    0.0121183319472    0.0141380539385    0.0201972199121    0.0181774979209    0.0161577759297    0.0161577759297    0.0222169419033    MERCER    PA    
0.0103357331242    0.00826858649939    0.0124028797491    0.0124028797491    0.0103357331242    0.0144700263739    0.00826858649939    0.0206714662485    MIFFLIN    PA    
0.0190311007627    0.0169165340113    0.0190311007627    0.0190311007627    0.0169165340113    0.0148019672599    0.0148019672599    0.0148019672599    MONROE    PA    
0.0129718942292    0.0151338766007    0.0129718942292    0.0151338766007    0.00648594711459    0.0129718942292    0.00648594711459    0.0108099118576    MONTGOMERY    PA    
0.00220939348585    0.00220939348585    0.00441878697171    0.0110469674293    0.00662818045756    0.00220939348585    0.00662818045756    0.00883757394341    MONTOUR    PA    
0.0112840004751    0.0157976006652    0.0157976006652    0.0112840004751    0.00902720038009    0.0180544007602    0.0203112008552    0.0157976006652    NORTHAMPTON    PA    
0.0138252131981    0.0161294153978    0.0230420219968    0.0184336175975    0.0161294153978    0.0184336175975    0.0161294153978    0.0138252131981    NORTHUMBERLAND    PA    
0.00940639920188    0.0141095988028    0.0164611986033    0.0117579990024    0.0141095988028    0.0117579990024    0.0211643982042    0.0117579990024    PERRY    PA    
0.0311869076744    0.0335859005724    0.0263889218783    0.0311869076744    0.0359848934705    0.0263889218783    0.0479798579606    0.0503788508586    PHILADELPHIA    PA    
0.00733914447902    0.017124670451    0.00489276298601    0.00733914447902    0.00733914447902    0.00489276298601    0.00978552597202    0.012231907465    PIKE    PA    
0.0224438902743    0.0174563591022    0.0149625935162    0.0149625935162    0.0074812967581    0.0124688279302    0.0124688279302    0.0124688279302    POTTER    PA    
0.0228703065999    0.0254114517776    0.0304937421331    0.0228703065999    0.0254114517776    0.0330348873109    0.0406583228442    0.0355760324887    SCHUYLKILL    PA    
0.00517704053765    0.0103540810753    0.0103540810753    0.015531121613    0.0103540810753    0.0103540810753    0.0181196418818    0.0181196418818    SNYDER    PA    
0.0131794542994    0.0184512360191    0.0105435634395    0.0184512360191    0.0105435634395    0.0158153451592    0.0158153451592    0.0184512360191    SOMERSET    PA    
0.00804977085461    0.00268325695154    0.00804977085461    0.00536651390307    0    0    0.00268325695154    0.00268325695154    SULLIVAN    PA    
0.00546123708892    0.0136530927223    0.0136530927223    0.0136530927223    0.0191143298112    0.0163837112668    0.0163837112668    0.0218449483557    SUSQUEHANNA    PA    
0.00833392691787    0.019445829475    0.00555595127858    0.0138898781965    0.0111119025572    0.0166678538357    0.00555595127858    0.0138898781965    TIOGA    PA    
0.0113013129467    0.00847598470999    0.0141266411833    0.00282532823666    0.00847598470999    0.00282532823666    0.00565065647333    0.0113013129467    UNION    PA    
0.0229814106978    0.0172360580233    0.0229814106978    0.0229814106978    0.0143633816861    0.0201087343605    0.025854087035    0.025854087035    VENANGO    PA    
0.0262801794744    0.014600099708    0.0262801794744    0.0058400398832    0.0116800797664    0.0116800797664    0.0087600598248    0.0029200199416    WARREN    PA    
0.026706231454    0.0296735905045    0.0237388724036    0.026706231454    0.0296735905045    0.0326409495549    0.0356083086053    0.0474777448071    WASHINGTON    PA    
0.0180881619864    0.0180881619864    0.0120587746576    0.00602938732879    0.015073468322    0.00904408099319    0.0180881619864    0.015073468322    WAYNE    PA    
0.0367442854091    0.033682261625    0.0275582140568    0.0306202378409    0.0275582140568    0.0244961902727    0.0428683329773    0.0459303567614    WESTMORELAND    PA    
0.00932804823052    0.0155467470509    0.0217654458712    0.0155467470509    0.0155467470509    0.0217654458712    0.0217654458712    0.018656096461    WYOMING    PA    
0.0378800465194    0.0315667054328    0.0284100348895    0.0347233759761    0.0284100348895    0.0473500581492    0.0505067286925    0.0631334108656    YORK    PA    
