0.107142857143    0.225609756098    0.118421052632    0.00819672131148    0.0538922155689    0.0918367346939    0.131578947368    0.129411764706    ACCOMACK    VA    
0.0567375886525    0.0292887029289    0.0755813953488    0.102272727273    0.092936802974    0.126126126126    0.0839160839161    0.0969162995595    ALBEMARLE    VA    
0.0281030444965    0.00813008130081    0    0.00996677740864    0    0.153846153846    0.138613861386    0.0535714285714    ALEXANDRIA CITY    VA    
0.220779220779    0.330188679245    0.292682926829    0.16091954023    0.227272727273    0.2    0.203389830508    0.238095238095    ALLEGHANY    VA    
0.0744680851064    0.115942028986    0.192307692308    0.177514792899    0.0659340659341    0.333333333333    0.25    0.0888888888889    AMELIA    VA    
0.138686131387    0.154761904762    0.192182410423    0.283333333333    0.171122994652    0.244094488189    0.113744075829    0.0866666666667    AMHERST    VA    
0.0769230769231    0.113636363636    0.078125    0.122448979592    0.1875    0.1875    0.292929292929    0.162790697674    APPOMATTOX    VA    
0.116393442623    0.0995542347697    0.0774111675127    0.0965842167256    0.0733410942957    0.090407938258    0.0835464620631    0.12324929972    ARLINGTON    VA    
0.101744186047    0.117283950617    0.103896103896    0.0528455284553    0.169411764706    0.147058823529    0.155650319829    0.0997876857749    AUGUSTA    VA    
0.45    0.229508196721    0.607142857143    0.133333333333    0.142857142857    0.192307692308    0.142857142857    0.189189189189    BATH    VA    
0.209039548023    0.239057239057    0.232432432432    0.2725    0.297082228117    0.286206896552    0.177304964539    0.130996309963    BEDFORD    VA    
0.5    0    0    0.5    0    0    0    0    BEDFORD CITY    VA    
0.48    0.2    0.473684210526    0.48    0.294117647059    0.333333333333    0.5    0.272727272727    BLAND    VA    
0.205714285714    0.336683417085    0.343023255814    0.203045685279    0.351219512195    0.191358024691    0.191387559809    0.108303249097    BOTETOURT    VA    
0.416666666667    0    0.0149253731343    0.346153846154    0.333333333333    0.5    0    0.224489795918    BRISTOL    VA    
0.0229007633588    0.0606060606061    0.133757961783    0.295454545455    0.125    0.130434782609    0.0962962962963    0.127659574468    BRUNSWICK    VA    
0.772972972973    0.608695652174    0.52534562212    0.544680851064    0.615789473684    0.477124183007    0.656779661017    0.469002695418    BUCHANAN    VA    
0.132352941176    0.125    0.132743362832    0.0909090909091    0.0575539568345    0.126213592233    0.155963302752    0.180555555556    BUCKINGHAM    VA    
0.136363636364    0    0    0.171717171717    0.0833333333333    0    0.166666666667    0    BUENA VISTA CITY    VA    
0.0861244019139    0.115789473684    0.140449438202    0.160975609756    0.217647058824    0.0919540229885    0.155172413793    0.0866666666667    CAMPBELL    VA    
0.101449275362    0.15    0.204761904762    0.136585365854    0.138461538462    0.147239263804    0.223529411765    0.142857142857    CAROLINE    VA    
0.198795180723    0.200892857143    0.283687943262    0.263157894737    0.197580645161    0.20802919708    0.151933701657    0.126865671642    CARROLL    VA    
0    0    0.25    0.142857142857    0.4    0.25    0    0.142857142857    CHARLES CITY    VA    
0.106666666667    0.0909090909091    0.228915662651    0.456692913386    0.141025641026    0.380281690141    0.12    0.0833333333333    CHARLOTTE    VA    
0.0416666666667    0    0    0.0535714285714    0.0461538461538    0    0.0625    0.184210526316    CHARLOTTESVILLE CITY    VA    
0.0544835414302    0.166666666667    0    0.0723004694836    0.102272727273    0    0.192857142857    0.178899082569    CHESAPEAKE CITY    VA    
0.111194590533    0.120428751576    0.110064452157    0.109979633401    0.126028583803    0.12188365651    0.170511534604    0.197589098532    CHESTERFIELD    VA    
0.114285714286    0.255319148936    0.107142857143    0.234042553191    0.214285714286    0.122807017544    0.108695652174    0.177777777778    CLARKE    VA    
0.157894736842    0    0    0.234200743494    0    0    0.4    0.175    COLONIAL HEIGHTS CITY    VA    
0    0    0    0    0    0    0    0.25    COVINGTON CITY    VA    
0.217391304348    0.142857142857    0.0740740740741    0.12    0.181818181818    0.235294117647    0.25    0.307692307692    CRAIG    VA    
0.168699186992    0.168560606061    0.209897610922    0.125531914894    0.140625    0.159722222222    0.171837708831    0.209850107066    CULPEPER    VA    
0.09375    0.105263157895    0.145454545455    0.154639175258    0.140625    0.269230769231    0.151515151515    0.122448979592    CUMBERLAND    VA    
0.117469879518    0    0    0.132183908046    0    0    0.0714285714286    0.0555555555556    DANVILLE CITY    VA    
0.757281553398    0.615384615385    0.560606060606    0.569105691057    0.476744186047    0.432    0.380597014925    0.312280701754    DICKENSON    VA    
0.0992366412214    0.0545454545455    0.021978021978    0.042735042735    0.174757281553    0.166666666667    0.0625    0.134328358209    DINWIDDIE    VA    
0.285714285714    0    0    0.121951219512    0.142857142857    0    0    0    EMPORIA CITY    VA    
0.0531914893617    0.025641025641    0.14    0.0569105691057    0.176470588235    0.0851063829787    0.0526315789474    0.051724137931    ESSEX    VA    
0.0842073718909    0.098095486564    0.0966836734694    0.0975817923186    0.0762685156004    0.0827783063749    0.100224382947    0.11760513186    FAIRFAX    VA    
0.121621621622    0    0.162790697674    0.0325203252033    0    0    0.171052631579    0.0681818181818    FAIRFAX CITY    VA    
0.0615384615385    0    0    0.0652173913043    0    0    0    0    FALLS CHURCH CITY    VA    
0.188995215311    0.243083003953    0.204049844237    0.180921052632    0.160891089109    0.249322493225    0.172297297297    0.279863481229    FAUQUIER    VA    
0.217948717949    0.138211382114    0.0444444444444    0.0705882352941    0.10067114094    0.0289855072464    0.157894736842    0.0689655172414    FLOYD    VA    
0.1    0.435483870968    0.4    0.115384615385    0.301886792453    0.25    0.273504273504    0.211267605634    FLUVANNA    VA    
0.227450980392    0.27358490566    0.228840125392    0.306483300589    0.285714285714    0.16577540107    0.215584415584    0.179566563467    FRANKLIN    VA    
0.03125    0    0    0    0.15    0    0.1    0.111111111111    FRANKLIN CITY    VA    
0.177057356608    0.181818181818    0.19427402863    0.207667731629    0.171378091873    0.211350293542    0.241534988713    0.232421875    FREDERICK    VA    
0.179487179487    0    0    0.191387559809    0.148936170213    0    0.1875    0.190476190476    FREDERICKSBURG CITY    VA    
0.129032258065    0    0    0.0625    0    0    0.2    0    GALAX CITY    VA    
0.630705394191    0.689473684211    0.660465116279    0.608465608466    0.662162162162    0.363636363636    0.450292397661    0.333333333333    GILES    VA    
0.157894736842    0.108695652174    0.231958762887    0.194805194805    0.114035087719    0.255813953488    0.251851851852    0.301470588235    GLOUCESTER    VA    
0.204081632653    0.0384615384615    0.166666666667    0.0714285714286    0.138888888889    0.0789473684211    0.114754098361    0.142857142857    GOOCHLAND    VA    
0.223300970874    0.157894736842    0.19512195122    0.309734513274    0.206896551724    0.173333333333    0.198473282443    0.21    GRAYSON    VA    
0.107843137255    0.0564516129032    0.131147540984    0.1375    0.127659574468    0.0545454545455    0.0891089108911    0.181818181818    GREENE    VA    
0.169642857143    0.14953271028    0.0857142857143    0.0425531914894    0.08    0.056338028169    0.196078431373    0.173913043478    GREENSVILLE    VA    
0.158844765343    0.172413793103    0.100543478261    0.162464985994    0.228346456693    0.193333333333    0.140127388535    0.171641791045    HALIFAX    VA    
0.0322580645161    0    0    0.0636942675159    0.0263157894737    0.05    0.0843373493976    0.206896551724    HAMPTON CITY    VA    
0.211764705882    0.15763546798    0.125939849624    0.163859111792    0.143327841845    0.133995037221    0.164146868251    0.233082706767    HANOVER    VA    
0.0833333333333    0    0.0196078431373    0.108333333333    0    0    0.0344827586207    0.0967741935484    HARRISONBURG CITY    VA    
0.100519930676    0.132644272179    0.117117117117    0.112696148359    0.136333109469    0.145734597156    0.168233082707    0.21875    HENRICO    VA    
0.158536585366    0.3125    0.25    0.208791208791    0.151079136691    0.280155642023    0.182242990654    0.334239130435    HENRY    VA    
0.333333333333    0    0.5    0    0.166666666667    0    0    0    HIGHLAND    VA    
0.0837209302326    0    0    0.104651162791    0.136363636364    0    0.05    0.105263157895    HOPEWELL CITY    VA    
0.0414201183432    0.021897810219    0.0833333333333    0.0887096774194    0.0355329949239    0.0882352941176    0.1    0.163522012579    ISLE OF WIGHT    VA    
0.0632911392405    0.116279069767    0.0498220640569    0.0698924731183    0.0984455958549    0.0609756097561    0.112781954887    0.10663507109    JAMES CITY    VA    
0    0    0.0649350649351    0.121212121212    0.0606060606061    0.0222222222222    0.0967741935484    0.184615384615    KING AND QUEEN    VA    
0.2109375    0.228571428571    0.482352941176    0.358208955224    0.185714285714    0.177304964539    0.19298245614    0.202643171806    KING GEORGE    VA    
0.145833333333    0.354838709677    0.222222222222    0.0384615384615    0.0735294117647    0.190476190476    0.176470588235    0.056338028169    KING WILLIAM    VA    
0.0833333333333    0.264705882353    0.0909090909091    0.146341463415    0.15625    0.142857142857    0.129032258065    0.1    LANCASTER    VA    
0.601851851852    0.384615384615    0.564516129032    0.5125    0.488262910798    0.437158469945    0.278969957082    0.278931750742    LEE    VA    
0.176470588235    0    0    0.125    0    0    0    0    LEXINGTON CITY    VA    
0.121951219512    0.119477911647    0.120789779326    0.12147505423    0.13074204947    0.133253301321    0.127152317881    0.129672897196    LOUDOUN    VA    
0.130434782609    0.220689655172    0.262886597938    0.25    0.115183246073    0.221476510067    0.119266055046    0.216666666667    LOUISA    VA    
0.127272727273    0.129411764706    0.179775280899    0.0945945945946    0.237623762376    0.157894736842    0.0454545454545    0.145454545455    LUNENBURG    VA    
0.0557768924303    0    0    0.129082426128    0.0857142857143    0    0.193548387097    0.0425531914894    LYNCHBURG CITY    VA    
0.25    0.121951219512    0.279069767442    0.111111111111    0.25    0.142857142857    0.244444444444    0.171428571429    MADISON    VA    
0.00584795321637    0.0353982300885    0.0285714285714    0.0408163265306    0    0.153846153846    0.111111111111    0.5    MANASSAS CITY    VA    
0.0869565217391    0.0769230769231    0    0.25    0    0.2    0.142857142857    0.161290322581    MARTINSVILLE CITY    VA    
0.15    0.0625    0.242424242424    0.140625    0.145454545455    0.283783783784    0.217391304348    0.125    MATHEWS    VA    
0.0877192982456    0.110429447853    0.245283018868    0.203883495146    0.307228915663    0.251851851852    0.150753768844    0.226600985222    MECKLENBURG    VA    
0.133333333333    0.0266666666667    0.25    0.05    0.206896551724    0.538461538462    0.333333333333    0.128571428571    MIDDLESEX    VA    
0.267727930535    0.189224704336    0.143939393939    0.141225337487    0.147232037691    0.167346938776    0.136904761905    0.138888888889    MONTGOMERY    VA    
0.0106382978723    0.0821917808219    0.0819672131148    0.0288461538462    0    0.157894736842    0.0993788819876    0.100642398287    NELSON    VA    
0.104761904762    0.148936170213    0.0833333333333    0.175257731959    0.113402061856    0.140845070423    0.228070175439    0.0506329113924    NEW KENT    VA    
0.0595375722543    0    0.0606060606061    0.0820105820106    0.0720720720721    0    0.100628930818    0.161616161616    NEWPORT NEWS CITY    VA    
0.0241411327762    0    0.0869565217391    0.0526829268293    0.0264317180617    0.0727272727273    0.103658536585    0.112033195021    NORFOLK CITY    VA    
0    0.0298507462687    0.0454545454545    0.0483870967742    0.0493827160494    0.15873015873    0.16049382716    0.161290322581    NORTHAMPTON    VA    
0.15625    0.0576923076923    0.08    0.0625    0.0816326530612    0.209150326797    0.386666666667    0.161290322581    NORTHUMBERLAND    VA    
0.666666666667    0    0    0    0    0    0    0    NORTON CITY    VA    
0.0337078651685    0.0625    0.0555555555556    0.0865384615385    0.121212121212    0.125    0.367647058824    0.0571428571429    NOTTOWAY    VA    
0.24358974359    0.232558139535    0.318181818182    0.161073825503    0.167630057803    0.182203389831    0.221590909091    0.151639344262    ORANGE    VA    
0.272727272727    0.335740072202    0.275    0.305882352941    0.299435028249    0.318518518519    0.226086956522    0.22619047619    PAGE    VA    
0.397959183673    0.320610687023    0.313609467456    0.348623853211    0.268907563025    0.227642276423    0.286231884058    0.119565217391    PATRICK    VA    
0.0210970464135    0    0    0.0312012480499    0.0444444444444    0    0.0714285714286    0.1875    PETERSBURG CITY    VA    
0.0824175824176    0.151041666667    0.174193548387    0.25    0.118721461187    0.128571428571    0.197628458498    0.169642857143    PITTSYLVANIA    VA    
0.151515151515    0    0    0.117647058824    0    0    0    0    POQUOSON CITY    VA    
0.0309155766944    0    0.0714285714286    0.0482093663912    0.0740740740741    0.3    0.2    0.217391304348    PORTSMOUTH CITY    VA    
0.162436548223    0.125    0.0779220779221    0.205128205128    0.198412698413    0.15306122449    0.171171171171    0.228758169935    POWHATAN    VA    
0.158469945355    0.118644067797    0.123222748815    0.160869565217    0.12987012987    0.0510204081633    0.107594936709    0.0983606557377    PRINCE EDWARD    VA    
0.0939226519337    0.138888888889    0.0917874396135    0.156488549618    0.0873786407767    0.107142857143    0.0733944954128    0.163265306122    PRINCE GEORGE    VA    
0.147001934236    0.121281464531    0.138590760616    0.136280765725    0.141547861507    0.114557278639    0.116723884257    0.132728058798    PRINCE WILLIAM    VA    
0.441351888668    0.381756756757    0.367346938776    0.338129496403    0.279069767442    0.263803680982    0.269141531323    0.240654205607    PULASKI    VA    
0.215277777778    0    0    0.188679245283    0.285714285714    0    0.222222222222    0.166666666667    RADFORD    VA    
0.392156862745    0.114285714286    0.227272727273    0.239130434783    0.3    0.277777777778    0.111111111111    0.0740740740741    RAPPAHANNOCK    VA    
0.0922330097087    0.153846153846    0.297297297297    0.0751231527094    0.0378787878788    0.25    0.124401913876    0.159891598916    RICHMOND    VA    
0.16953762466    0.148773006135    0.156199677939    0.11986970684    0.123966942149    0.134517766497    0.129172714078    0.12915601023    ROANOKE    VA    
0.0967741935484    0.12030075188    0.106719367589    0.097972972973    0.116541353383    0.162055335968    0.140522875817    0.10875331565    ROCKBRIDGE    VA    
0.0944309927361    0.115217391304    0.126629422719    0.094427244582    0.100903614458    0.0882352941176    0.115789473684    0.116743471582    ROCKINGHAM    VA    
0.5    0.410774410774    0.346560846561    0.375394321767    0.317919075145    0.414634146341    0.328042328042    0.329501915709    RUSSELL    VA    
0.146341463415    0    0    0.171428571429    0.1    0    0.1    0.266666666667    SALEM    VA    
0.555240793201    0.552429667519    0.418879056047    0.398058252427    0.561983471074    0.601694915254    0.417682926829    0.295774647887    SCOTT    VA    
0.233062330623    0.367441860465    0.291066282421    0.231527093596    0.330864197531    0.201834862385    0.142857142857    0.222222222222    SHENANDOAH    VA    
0.283870967742    0.165803108808    0.25    0.235294117647    0.175824175824    0.206751054852    0.152941176471    0.163141993958    SMYTH    VA    
0.0212765957447    0.02    0.119047619048    0.0510948905109    0.0120481927711    0.0441176470588    0.0769230769231    0.140625    SOUTHAMPTON    VA    
0.265363128492    0.25313283208    0.225519287834    0.215483870968    0.217453505007    0.235211267606    0.286919831224    0.200236966825    SPOTSYLVANIA    VA    
0.246998284734    0.270114942529    0.2734082397    0.251051893408    0.20578778135    0.252631578947    0.228971962617    0.242059145674    STAFFORD    VA    
0.123655913978    0    0    0.065    0.0909090909091    0    0.272727272727    0    STAUNTON CITY    VA    
0.0897959183673    0    0    0.118721461187    0.129032258065    0.75    0.311111111111    0.269230769231    SUFFOLK CITY    VA    
0    0    0.1875    0.166666666667    0.05    0    0    0.235294117647    SURRY    VA    
0.118644067797    0.0294117647059    0.1    0.172413793103    0.106060606061    0.112676056338    0.0666666666667    0.294117647059    SUSSEX    VA    
0.465618860511    0.433189655172    0.545966228893    0.522123893805    0.539503386005    0.521094640821    0.444078947368    0.390303030303    TAZEWELL    VA    
0.0722186076773    0.2    0.0344827586207    0.0621731551424    0.0222222222222    0    0.0898203592814    0.161290322581    VIRGINIA BEACH CITY    VA    
0.388758782201    0.409900990099    0.382642998028    0.210735586481    0.296160877514    0.31090487239    0.280542986425    0.23927765237    WARREN    VA    
0.364485981308    0.289029535865    0.23956043956    0.266009852217    0.210023866348    0.185595567867    0.181236673774    0.187620889749    WASHINGTON    VA    
0.0752688172043    0    0    0.0769230769231    0    0    0    0.113636363636    WAYNESBORO CITY    VA    
0.130841121495    0.14406779661    0.216783216783    0.229166666667    0.147887323944    0.212121212121    0.150943396226    0.272189349112    WESTMORELAND    VA    
0    0    0    0.078431372549    0.08    0    0    0.1    WILLIAMSBURG CITY    VA    
0.0840108401084    0.166666666667    0.1    0.123348017621    0.180722891566    0    0.116279069767    0.239436619718    WINCHESTER CITY    VA    
0.589494163424    0.558823529412    0.46675900277    0.445665445665    0.393557422969    0.43729903537    0.300546448087    0.25046728972    WISE    VA    
0.34236453202    0.309090909091    0.259927797834    0.239932885906    0.347967479675    0.253682487725    0.221544715447    0.179545454545    WYTHE    VA    
0.0651162790698    0.0386266094421    0.1    0.0590909090909    0.0969387755102    0.10071942446    0.172268907563    0.19298245614    YORK    VA    
