0.125    0.0625    0.333333333333    0.0454545454545    0.230769230769    0    0.5    0.117647058824    BARBOUR    WV    
0.0373961218837    0.0747663551402    0.0866574965612    0.0612745098039    0.076    0.0950704225352    0.186046511628    0.209756097561    BERKELEY    WV    
0.444444444444    0.34328358209    0.40625    0.178571428571    0.333333333333    0.130434782609    0.05    0.0909090909091    BOONE    WV    
0.365269461078    0.421686746988    0.30612244898    0.232558139535    0.306451612903    0.0294117647059    0.182692307692    0.0632911392405    BRAXTON    WV    
0.333333333333    0.25    0.428571428571    0    0    0    0    0    BROOKE    WV    
0.276595744681    0.35447761194    0.23031496063    0.349904397706    0.114285714286    0.368098159509    0.132743362832    0.327044025157    CABELL    WV    
0.375    0    0.258064516129    0    0.125    0    0.111111111111    0.6    CALHOUN    WV    
0.18    0.102564102564    0.0338983050847    0.354838709677    0.236842105263    0.5    0    0    CLAY    WV    
0.5    0.0243902439024    0.371428571429    0.507462686567    0.178571428571    0.166666666667    0.129032258065    0.157894736842    DODDRIDGE    WV    
0.185185185185    0.296    0.368421052632    0.229357798165    0.53488372093    0.0888888888889    0.217391304348    0.2    FAYETTE    WV    
0    0.0487804878049    0.105263157895    0.0958904109589    0    0.0277777777778    0.0222222222222    0.25    GILMER    WV    
0.252631578947    0.1    0.160377358491    0.338235294118    0.227642276423    0.138888888889    0.4375    0    GRANT    WV    
0.0708661417323    0.669902912621    0.487179487179    0.251968503937    0.353211009174    0.561181434599    0.335766423358    0.341463414634    GREENBRIER    WV    
0    0.508474576271    0.333333333333    0.27    0.291666666667    0.168421052632    0.136363636364    0.151515151515    HAMPSHIRE    WV    
0.0855263157895    0.20618556701    0.111111111111    0.0971428571429    0.0531914893617    0.0952380952381    0.18085106383    0.153846153846    HANCOCK    WV    
0.171052631579    0.173913043478    0.0463917525773    0.151162790698    0.0833333333333    0.1    0.115384615385    0    HARDY    WV    
0.0918367346939    0.162162162162    0.0930930930931    0.0927051671733    0.243827160494    0.198675496689    0.0836820083682    0.194029850746    HARRISON    WV    
0.103448275862    0.167512690355    0.208791208791    0.157894736842    0.28    0.36231884058    0.171052631579    0.235294117647    JACKSON    WV    
0.0751879699248    0.106796116505    0.161904761905    0    0.0847457627119    0.0689655172414    0.208791208791    0.307692307692    JEFFERSON    WV    
0.186111111111    0.190502793296    0.192114695341    0.154985192498    0.172790466733    0.125195618153    0.197122302158    0.194578896418    KANAWHA    WV    
0    0.138888888889    0.340425531915    0.228205128205    0.239543726236    0.46    0.105263157895    0.225806451613    LEWIS    WV    
0    0    0    0    0.176470588235    0    0    0    LINCOLN    WV    
0.446254071661    0.422413793103    0.404624277457    0.275482093664    0.4125    0.295964125561    0.400641025641    0.445205479452    LOGAN    WV    
0.129310344828    0.0971867007673    0.110497237569    0.0877192982456    0.243243243243    0.274678111588    0.219512195122    0.326530612245    MARION    WV    
0.18253968254    0.395604395604    0.436090225564    0.186206896552    0.279761904762    0.555555555556    0.375    0.571428571429    MARSHALL    WV    
0.18085106383    0.155555555556    0    0.0235294117647    0    0.0111111111111    0.0833333333333    0    MASON    WV    
0.272727272727    0.341772151899    0.236842105263    0.180722891566    0.174603174603    0.336734693878    0.197183098592    0    MCDOWELL    WV    
0.555366269165    0.641975308642    0.610619469027    0.589792060491    0.450793650794    0.744949494949    0.517326732673    0.62962962963    MERCER    WV    
0.0288461538462    0.0571428571429    0.014598540146    0.0454545454545    0.113636363636    0.210526315789    0.307692307692    0.106060606061    MINERAL    WV    
0.661111111111    0.333333333333    0.367521367521    0.561728395062    0.153846153846    0.1    0.0769230769231    0.375    MINGO    WV    
0.026706231454    0.333333333333    0.391304347826    0.276923076923    0.302158273381    1.0    0.65    0    MONONGALIA    WV    
0.564516129032    0.526315789474    0.5    0.388888888889    0.789473684211    0    0.45    0.0909090909091    MONROE    WV    
0.25    0.1875    0.448979591837    0.0851063829787    0.172839506173    0    0.105263157895    0.357142857143    MORGAN    WV    
0.412060301508    0.372549019608    0.456790123457    0.396226415094    0.509589041096    0.417857142857    0.384353741497    0.222222222222    NICHOLAS    WV    
0.261044176707    0.175324675325    0.326530612245    0.347826086957    0.356223175966    0.201612903226    0.556818181818    0.224489795918    OHIO    WV    
0    0.285714285714    0    0    0    0    0    0    PENDLETON    WV    
0    0    0    0.103448275862    0.181818181818    0.153846153846    0    0    PLEASANTS    WV    
0.414634146341    0.761904761905    0.357142857143    0.279411764706    0.379310344828    0.305084745763    0.285714285714    0.433333333333    POCAHONTAS    WV    
0.307692307692    0.0933333333333    0.163636363636    0.0779220779221    0    0.307692307692    0    0    PRESTON    WV    
0.175531914894    0.159663865546    0.148351648352    0.141242937853    0.122641509434    0.06    0.08    0.0666666666667    PUTNAM    WV    
0.342105263158    0.342574257426    0.349840255591    0.345890410959    0.316644113667    0.339407744875    0.433333333333    0.358333333333    RALEIGH    WV    
0    0.215189873418    0.0507246376812    0.246376811594    0.20202020202    0    0.205128205128    0.0769230769231    RANDOLPH    WV    
0.037037037037    0.063829787234    0.181818181818    0.030303030303    0.027027027027    0    0.375    0    RITCHIE    WV    
0.190476190476    0.0892857142857    0.222222222222    0    0.0833333333333    0.0714285714286    0.4    0.5    ROANE    WV    
0.0169491525424    0.342857142857    0.285714285714    0.634920634921    1.0    0.888888888889    0.5    0    SUMMERS    WV    
0    0    0    0.25    0.2    0    0    0    TAYLOR    WV    
0    0    0    0    0.666666666667    0    0    0.5    TUCKER    WV    
0.0350877192982    0.0416666666667    0    0    0.04    0.0833333333333    0.0454545454545    0    TYLER    WV    
0.371541501976    0.304761904762    0.282722513089    0.352941176471    0.316666666667    0.119402985075    0.196721311475    0.181818181818    UPSHUR    WV    
0.913043478261    0.660714285714    0.2    0.493333333333    0.620689655172    0.26    0.448979591837    0.253968253968    WAYNE    WV    
0    0.141025641026    0.139534883721    0.160305343511    0.198347107438    0.214285714286    0.322033898305    0.260869565217    WEBSTER    WV    
0.25    0.222222222222    0.368421052632    0.0526315789474    0.141304347826    0.142857142857    0.142857142857    0    WETZEL    WV    
0.0833333333333    0    0    0    0    0    0.25    0    WIRT    WV    
0.101045296167    0.0393700787402    0.100222717149    0.0778588807786    0.175257731959    0.146511627907    0.109730848861    0.225287356322    WOOD    WV    
0.4    0.384615384615    0.428571428571    0.342105263158    0.666666666667    0    0.5    0.2    WYOMING    WV    
